MAZE 63 63
  51  49  51  50
   2  34   2  35
  25  20  25  21
  15  50  16  50
  51   4  52   4
  35  15  35  16
   7  23   7  24
  18  10  18  11
  41  44  42  44
  49  28  49  29
  47  35  48  35
  56  51  57  51
  43  12  44  12
   6   9   7   9
  49  60  49  61
  54  44  54  45
  43  22  43  23
   9  29   9  30
   6  19   6  20
  56  11  57  11
  59  14  60  14
   1  12   1  13
  28  45  29  45
   5  43   5  44
  28  54  28  55
   6  13   6  14
   5  29   5  30
  47  60  48  60
   3  40   3  41
  13   9  13  10
  58  27  58  28
   6  59   7  59
  26  54  26  55
  49  49  50  49
  29  51  30  51
  33  12  34  12
   2  11   3  11
   7  30   8  30
  41  21  42  21
  53   3  53   4
  21  10  21  11
  38  59  39  59
   9   9   9  10
  46  20  47  20
  40  20  41  20
  47   3  48   3
  12  49  13  49
  62  56  62  57
  29  58  30  58
   6  30   6  31
  56  20  56  21
  57  13  57  14
   3  14   4  14
  15  48  16  48
  57  35  57  36
   0  36   1  36
  23  34  24  34
  29  33  30  33
  40  45  41  45
  58  46  58  47
   7  44   7  45
   0  56   0  57
  20  31  20  32
  39   7  40   7
  49   4  49   5
   3  25   4  25
  35  58  36  58
  11  57  12  57
  31  33  31  34
   8  46   8  47
  34  32  35  32
   7  43   8  43
   3  43   3  44
  29   9  29  10
  40  20  40  21
  20   5  20   6
  32   0  32   1
  37  45  37  46
  62  59  62  60
   8  58   8  59
  27  20  27  21
  52  28  53  28
  28  47  29  47
  55  14  55  15
   2  34   3  34
  57  55  58  55
  21  17  22  17
  32  48  33  48
  23  36  23  37
  39   1  40   1
  13  24  14  24
  33  29  33  30
  15  45  15  46
  38  17  38  18
  13   7  13   8
  43  29  43  30
  16  15  17  15
  34   8  35   8
  14  39  15  39
  60  12  60  13
   3  27   4  27
   8  47   8  48
   7  10   8  10
  38  34  38  35
  31  22  31  23
  52  39  53  39
   2  42   2  43
  59  47  60  47
  45  20  46  20
  28  43  28  44
  15  24  15  25
   1  59   1  60
  45  21  46  21
  29  23  29  24
  13  34  13  35
  55  12  55  13
  41  16  42  16
   9  24   9  25
  59  28  60  28
  21  20  21  21
  57  16  57  17
  48  54  49  54
  38  36  39  36
  12  54  12  55
  11  61  11  62
  41  52  42  52
  47  20  47  21
  25  60  25  61
  13  28  14  28
  32  26  32  27
  29   0  30   0
  33  15  33  16
  42  43  43  43
   0  44   0  45
  19  53  19  54
  32  11  32  12
  54  60  55  60
  34   8  34   9
  34  56  35  56
  18  27  19  27
  15  32  16  32
  53  53  53  54
  33   8  34   8
  40  34  41  34
  29  44  30  44
   7  56   8  56
  52  43  53  43
  41  25  41  26
  12  15  13  15
  24  19  25  19
   7   3   8   3
  35  18  36  18
  38  39  39  39
   3  45   3  46
  23  35  24  35
   6   1   7   1
  28  35  29  35
  44  21  45  21
  36  18  37  18
  34  27  35  27
  12  52  12  53
  41  43  41  44
  20   9  20  10
  35  19  36  19
  14   2  15   2
  28  24  28  25
  31  22  32  22
  19   4  20   4
  20   1  21   1
  55  54  55  55
  11  56  12  56
  61  14  61  15
  16  45  17  45
  28  55  29  55
  49  57  49  58
  35  16  35  17
   2  36   2  37
  41  60  41  61
  31  38  32  38
  10  15  11  15
  41  56  41  57
  61  60  61  61
  17  28  18  28
  16  18  16  19
  45   4  46   4
  14   6  15   6
  57  12  57  13
  45  28  45  29
  57  52  57  53
  46  38  47  38
  14  61  14  62
  48   6  49   6
  50  46  50  47
  29   2  29   3
  28  57  29  57
  61  15  61  16
  16  21  17  21
  26  53  26  54
   3  61   4  61
  30   4  30   5
  56  34  56  35
  17  31  18  31
  48  19  49  19
  13   1  14   1
  29  54  30  54
  45  58  45  59
  25  19  25  20
  58  56  58  57
  15  19  15  20
  56   2  57   2
   3  59   3  60
  49  37  49  38
  38  46  39  46
  47   4  47   5
  18  15  18  16
  22   1  22   2
   5  34   5  35
  49  54  50  54
  29   2  30   2
  38   6  38   7
  37  36  38  36
  26  15  26  16
  44  33  45  33
  42  21  43  21
  16  27  16  28
   7  56   7  57
   4  44   5  44
  49  40  49  41
  52  26  53  26
  36  12  36  13
  32  14  32  15
  24  18  25  18
  11  55  12  55
  50  58  50  59
  20  18  21  18
  36  30  37  30
  26  24  26  25
  28  47  28  48
  23  47  24  47
  12   4  13   4
  41  18  41  19
  19   0  19   1
  52  55  52  56
   1  37   2  37
   7  48   7  49
   6  33   7  33
  45  34  46  34
  37  41  38  41
  46  12  47  12
  30  33  30  34
   7  55   7  56
  59  12  60  12
  33  10  33  11
  51  39  52  39
  56  17  56  18
  55  56  55  57
  14  25  14  26
  37  54  38  54
  20  59  21  59
  14  60  15  60
   1  49   1  50
  12  27  13  27
  11  27  11  28
  37  23  38  23
  56  35  57  35
  50   2  51   2
  37  32  37  33
  16  24  17  24
  21  18  22  18
  25   2  26   2
   7  48   8  48
   4  56   4  57
  41  15  41  16
  17  23  18  23
  19  29  19  30
  29  50  29  51
  59  16  59  17
  36  30  36  31
  62  31  62  32
  25  18  25  19
   8  33   8  34
  16  13  17  13
   5  11   5  12
  24  61  25  61
   1  24   1  25
  22   4  22   5
  30  12  31  12
  32  31  32  32
  12   3  13   3
  24  17  24  18
  55   1  56   1
  54  11  55  11
  29  39  30  39
  37  18  37  19
  40  58  40  59
   2  21   3  21
  23  37  24  37
  54  33  54  34
  32   8  32   9
  32  54  32  55
  16  14  17  14
  47  47  48  47
  12  60  13  60
  21   0  21   1
  21  21  21  22
  10  46  11  46
  24  35  25  35
  28  54  29  54
  58  47  58  48
   6  54   7  54
   9  15  10  15
  43  15  43  16
  19  30  20  30
  11  30  11  31
  35  13  36  13
   5  23   6  23
  38  25  38  26
  19  22  20  22
  51  61  51  62
  58  13  59  13
  35  36  35  37
  37  12  38  12
  60   9  61   9
  23   0  24   0
  49  47  50  47
  34  20  34  21
  34  34  35  34
  42   5  43   5
  49  35  50  35
  20   2  20   3
  24  23  25  23
  15  37  15  38
  19   9  20   9
  33  28  34  28
   0  37   0  38
  33  51  34  51
   3  11   3  12
  58  18  59  18
  38  54  39  54
  27   4  27   5
  23  50  23  51
  24  22  25  22
  39  59  40  59
   6  47   7  47
  26  45  26  46
   8  50   8  51
  13  27  13  28
  33  43  33  44
  55  20  55  21
  61  42  61  43
   8  25   8  26
  54  51  55  51
  33  46  33  47
  41  31  41  32
  40  40  40  41
   8  44   8  45
  45  41  45  42
  23  47  23  48
   9  25  10  25
  49  53  50  53
  53  37  54  37
   4  13   4  14
  10  55  11  55
  35   4  36   4
  45  59  46  59
  43  62  44  62
  59  53  59  54
  20  23  21  23
  62  14  62  15
  41  57  41  58
  55  35  56  35
  20  19  21  19
  51  36  51  37
  12  23  13  23
  58  33  58  34
  46  13  47  13
  13  22  13  23
  54  46  55  46
  24  16  25  16
  25  56  25  57
  58  59  59  59
  26  26  26  27
  21  14  22  14
   0  26   0  27
  57   0  58   0
   5  55   5  56
  19  11  19  12
  16  10  17  10
  20  48  21  48
  15  49  15  50
  16  47  17  47
  61  41  62  41
  20   7  20   8
   9  40   9  41
  59  43  59  44
  59   2  59   3
  20  49  20  50
  16  46  17  46
  10  59  11  59
  38  20  38  21
  41   8  42   8
  29   8  30   8
  43  24  44  24
   6  21   7  21
  48   7  49   7
  46  31  46  32
   7  24   7  25
  34  51  35  51
  18  12  19  12
  41  38  42  38
   5  10   5  11
  36  53  37  53
   2  33   2  34
  46  47  46  48
  52  23  52  24
  59  12  59  13
  13  31  13  32
  60  31  60  32
  53  11  54  11
  24   2  24   3
  11  21  12  21
   5  54   5  55
  14  52  14  53
  13  21  14  21
  14  25  15  25
  30  27  30  28
  25  33  26  33
  43  51  44  51
  11   3  12   3
  25  58  25  59
  30  10  31  10
  37  56  37  57
  16  30  16  31
  15  27  16  27
  27  55  28  55
  32  38  32  39
  13  51  13  52
  59  61  60  61
  24  49  24  50
  54  16  55  16
  50   5  50   6
   1  51   2  51
  56  54  57  54
  35  14  36  14
  39  13  40  13
  20   3  21   3
  41  23  42  23
  35  51  35  52
  46  43  47  43
  55  10  56  10
  18  25  19  25
  28  42  29  42
  40   9  40  10
  38   8  38   9
  56   9  57   9
  40   2  41   2
  34  45  35  45
  53  22  53  23
  44  11  44  12
   2  32   2  33
   6  49   7  49
  43  16  43  17
  48  37  48  38
  56  19  57  19
   2  33   3  33
  41  50  41  51
  51  44  52  44
  21   0  22   0
  59  24  59  25
  25  13  25  14
  51  56  52  56
   7  53   7  54
  22   0  23   0
  19  24  20  24
  32  60  33  60
  33  18  34  18
  45  30  46  30
  31   8  31   9
  29   4  30   4
  38  45  38  46
  19   9  19  10
  18   9  18  10
  40  54  41  54
  47   5  48   5
  48  35  49  35
   0   8   1   8
  40  39  41  39
  18  30  18  31
   5  45   5  46
  33   4  34   4
  54  17  54  18
  61  55  61  56
  43   2  43   3
  11  39  12  39
  51  59  52  59
  11  47  12  47
   5  27   5  28
   3  39   3  40
  51  16  52  16
  36  52  36  53
  51  20  52  20
  24  58  25  58
  28  58  29  58
  30  16  31  16
  30  40  30  41
  34  50  34  51
  58  42  59  42
  40   4  40   5
  58   1  58   2
  24  54  25  54
  54   7  55   7
  33  27  33  28
   2   9   3   9
  23  28  24  28
  52   8  52   9
  34  11  34  12
  25   6  25   7
  39  61  39  62
  59  15  59  16
  44   0  45   0
  55  46  56  46
  34  34  34  35
  41  27  41  28
  36  43  37  43
  20  36  21  36
  26   3  26   4
  43  33  44  33
  23  60  24  60
  51  25  52  25
  42  36  43  36
   6  16   6  17
  28  34  29  34
  46  42  46  43
  52  41  52  42
  31   2  32   2
  53  29  54  29
  20  54  20  55
   2  53   3  53
   5   8   6   8
  51  51  51  52
   2  50   3  50
  49  12  49  13
  47  43  47  44
  51  29  51  30
  59  18  60  18
  52  53  52  54
  45   3  46   3
  50   4  51   4
  52   2  53   2
  53  51  54  51
  53  49  54  49
  41  36  41  37
  22  46  23  46
  54  40  54  41
  34  54  35  54
   3  31   3  32
  49  15  49  16
  35  36  36  36
  39  11  40  11
  48  11  49  11
  40   2  40   3
  32   9  33   9
  13  39  13  40
  39  28  40  28
  43  34  44  34
  37  27  38  27
   5  44   6  44
  34  35  35  35
  47   1  47   2
  34  18  34  19
  24  21  25  21
   0  52   1  52
  54  22  55  22
  13  37  14  37
  56  37  56  38
  17  53  18  53
  53  55  53  56
   9  34   9  35
  26  46  26  47
  59  46  60  46
  43  26  44  26
   4  46   4  47
   9  49  10  49
  44  38  45  38
  37  55  37  56
  28  41  28  42
  35  43  35  44
  47   7  48   7
  15  42  16  42
  20  51  20  52
   5  49   5  50
  31  51  32  51
  25   1  25   2
  51  53  52  53
  21  10  22  10
  58  39  58  40
  33  32  34  32
  34  49  35  49
   6   2   6   3
  46  56  47  56
  46  37  46  38
   3  41   4  41
  14  26  14  27
  44  59  45  59
   2  35   2  36
  45  23  46  23
  20  33  20  34
  46  58  47  58
  46  24  46  25
  51  50  52  50
   4  14   4  15
  19  47  20  47
  28   0  28   1
  54  47  55  47
  30  60  31  60
   3  32   4  32
  17   3  17   4
  19  21  20  21
   4  42   4  43
  15  34  16  34
  45  55  45  56
  12  44  13  44
   1  28   2  28
  44  55  45  55
  23  46  23  47
  16   5  17   5
  50  59  50  60
   8  45   8  46
   8  42   8  43
  26  25  26  26
  48  50  49  50
  56  40  57  40
  34  12  35  12
  45  40  45  41
   1  35   1  36
  18  24  18  25
  43  38  43  39
   7  20   8  20
  41  18  42  18
   4  29   5  29
  23  38  23  39
  50  29  50  30
  37   5  38   5
  18   1  18   2
  48  46  49  46
   2   8   2   9
  41  11  42  11
  46  10  46  11
  31   3  32   3
  38  21  38  22
   5   4   5   5
  30  53  31  53
  42  14  43  14
  20  23  20  24
  45  31  45  32
  14  24  15  24
  21   3  21   4
   8  11   8  12
  41  46  42  46
   9  44  10  44
  18  58  19  58
   8  60   8  61
   4  58   4  59
  55  39  55  40
  51  15  51  16
  47  33  47  34
  54  21  55  21
  43   2  44   2
  31  32  32  32
  27  42  27  43
   3  47   4  47
  62  47  62  48
  13  30  13  31
  42  34  42  35
  31  43  32  43
  49  44  49  45
  29  28  29  29
  51  53  51  54
  16  23  17  23
  22  23  23  23
  48  33  48  34
   4  31   5  31
  29  27  30  27
  16  57  16  58
   1  27   2  27
   8  42   9  42
  53  21  54  21
   3  12   3  13
  26   7  27   7
  45  43  45  44
  55  34  56  34
  12   1  12   2
  49  10  50  10
  29  11  29  12
  14  60  14  61
  58  23  59  23
  53  48  53  49
   9  16  10  16
  60  57  60  58
  12  32  12  33
  33  32  33  33
  23  28  23  29
  45  60  45  61
  19  59  19  60
   9  26  10  26
  37  61  37  62
  51  38  52  38
  49  51  49  52
  32   3  33   3
  14  51  14  52
  53  35  53  36
  33  20  33  21
  43  56  43  57
   7   7   8   7
  36  60  37  60
  48   2  49   2
  56   7  57   7
   1  12   2  12
  22  17  23  17
  14  21  15  21
  41  60  42  60
  42  25  43  25
  16  56  17  56
  44  44  44  45
  36  33  36  34
  61  51  61  52
  39  34  40  34
   5   7   5   8
  49  20  50  20
   9  39   9  40
  57   9  57  10
  49  20  49  21
  23  35  23  36
  21  12  22  12
   7  20   7  21
  32  13  33  13
  26  29  27  29
  11  60  11  61
  12  26  13  26
  32  28  32  29
  37   5  37   6
  35   9  35  10
  26  14  27  14
  35  21  36  21
   4  61   4  62
  37  11  38  11
  52  45  53  45
  33  61  33  62
  22  11  23  11
  16   3  16   4
  29  38  29  39
  32  30  33  30
   2  25   3  25
  47  28  47  29
  41  42  41  43
  22  37  22  38
  46  13  46  14
  28  16  29  16
  36  50  37  50
  24  14  25  14
   8  11   9  11
  15  53  15  54
   2  14   2  15
  43   3  43   4
   3  59   4  59
  36   8  36   9
  23  39  24  39
  32  52  32  53
  58  51  59  51
  19  16  20  16
  37  26  38  26
  36  20  36  21
  12   8  12   9
  61  10  62  10
  29  29  29  30
   6   3   6   4
  22  40  22  41
   5  38   5  39
  54  56  54  57
  40  62  41  62
  29  14  29  15
  52  24  52  25
  25  11  26  11
  30  57  30  58
  26  60  26  61
  23  17  23  18
  17  22  17  23
   4   1   4   2
   9  54  10  54
  20  48  20  49
  58  25  59  25
  25  44  26  44
  44  16  45  16
  37  60  37  61
   8   6   9   6
   1  31   1  32
  14  23  14  24
  11  29  11  30
  29  47  30  47
  31  31  31  32
  46  54  47  54
   7   5   8   5
  51   2  52   2
  10  43  11  43
  57  25  57  26
   7  41   8  41
  10  44  10  45
  21  13  22  13
  38  56  38  57
  43  15  44  15
  14  56  14  57
  19  46  19  47
  57  53  57  54
   1  42   2  42
  51  42  52  42
  50   7  50   8
  22  20  23  20
  33  49  34  49
  46  35  47  35
  32  60  32  61
  55  11  55  12
  40  14  40  15
  35  48  36  48
  26  57  26  58
  43  49  43  50
  44  37  44  38
  41  38  41  39
  60  42  61  42
  33  36  34  36
  28  58  28  59
  52  35  53  35
  45   8  46   8
  44  35  45  35
   3  54   4  54
  59   0  60   0
  49  56  50  56
   9  11   9  12
  60   6  61   6
  54  29  55  29
  32  44  33  44
  23  48  23  49
  28  12  28  13
  52  56  53  56
   7  27   7  28
  37   3  37   4
   9  53  10  53
  29   1  30   1
  57  15  57  16
  34  58  35  58
  39  54  40  54
   3  47   3  48
  32  40  33  40
   0  47   1  47
  39  57  39  58
   8   9   9   9
  44  47  44  48
  14  31  14  32
  61  48  62  48
  43  14  43  15
  35  17  36  17
  14  42  15  42
  18  19  18  20
  35  49  36  49
  39  37  40  37
  21  13  21  14
  30  37  31  37
  39   3  39   4
   1   8   2   8
  41  40  42  40
  26   3  27   3
  44   3  45   3
  55  41  55  42
  44  60  45  60
  60  17  61  17
  33  55  34  55
  47  54  48  54
  25   7  25   8
   4  38   5  38
  47  49  47  50
  34  18  35  18
  31  20  32  20
  53  39  53  40
  59  22  60  22
  52  57  52  58
  24  33  24  34
  17   3  18   3
  50  34  51  34
  56  56  57  56
  44  41  44  42
   9   4  10   4
  16  13  16  14
   4   1   5   1
   0  18   0  19
  25  30  25  31
  14   4  15   4
   5  51   5  52
  18  52  18  53
  48  41  48  42
  40   6  40   7
  53  46  54  46
  58  45  58  46
  19  19  19  20
  50  41  51  41
  37  22  38  22
  51  35  52  35
  43  58  44  58
  18  13  18  14
  26  54  27  54
  24  43  25  43
  22  58  23  58
  57  26  57  27
  27  11  28  11
  53  15  54  15
  28  13  28  14
  46  17  46  18
   8  37   8  38
  50  26  51  26
  19  20  19  21
   2  28   3  28
  35  11  36  11
  55  47  55  48
  58  23  58  24
  20  27  20  28
  34  25  34  26
  37  19  37  20
  23  21  23  22
  21  26  22  26
  23   7  24   7
  22  28  23  28
   0  15   1  15
   3   1   3   2
  35  12  36  12
  60  29  60  30
  49  21  50  21
  40  51  40  52
  42  28  43  28
  38  42  38  43
  53  55  54  55
  43   9  43  10
  40  56  41  56
  17  57  17  58
   3  33   3  34
  59   8  59   9
  28  57  28  58
  24  14  24  15
  36  38  36  39
  15   8  16   8
  28  25  29  25
  14  50  14  51
  38  32  39  32
  50  23  50  24
  38  16  39  16
  38   7  39   7
  42  45  42  46
  43  37  43  38
  60  38  60  39
  27  38  27  39
  36  28  36  29
  36  42  36  43
  36  23  37  23
  49  13  49  14
  40  27  41  27
  22  48  22  49
  47  19  48  19
  44  17  45  17
  23   9  24   9
  28  45  28  46
  13  47  13  48
  24  30  24  31
  30  17  30  18
   7  15   8  15
  50  22  51  22
  25  50  25  51
  23  59  23  60
  32  11  33  11
   1  54   1  55
  59  33  59  34
  56  57  56  58
  32  58  33  58
  18   6  19   6
   9  34  10  34
   8   2   9   2
   7  40   8  40
  15   3  16   3
  31  12  31  13
   8   4   9   4
  10   2  11   2
  18  31  19  31
  18  59  19  59
   6  34   7  34
  25  36  25  37
   5  33   6  33
  15  21  16  21
  19  38  19  39
  48  55  48  56
  38  59  38  60
  30  54  30  55
   5  22   6  22
  52  42  53  42
  51  21  52  21
  58  44  59  44
  58  36  58  37
  22  19  23  19
  58  40  59  40
  30  43  31  43
  57   3  57   4
  36  58  37  58
  59  35  59  36
  17  38  18  38
  16  11  16  12
  20  61  20  62
  48  49  48  50
  26  16  26  17
  16   5  16   6
  54   5  55   5
  22  21  23  21
   6  61   6  62
  30   3  31   3
  46  53  46  54
  39  56  40  56
  21  24  22  24
  30  52  31  52
  16  36  16  37
  45  46  45  47
  39   4  40   4
  14  62  15  62
  54  51  54  52
   0  48   1  48
  15  47  15  48
  22  62  23  62
  54  42  54  43
  13  12  14  12
  38  57  39  57
  55  21  56  21
  17  37  17  38
  35  26  36  26
   5  37   6  37
  37  10  38  10
  12   3  12   4
  27   5  28   5
  30  48  31  48
  38  14  38  15
  32  42  32  43
  20  53  21  53
  15  44  15  45
  34  44  35  44
  41  54  41  55
  37  35  37  36
  32  33  32  34
  53  47  53  48
  59  58  59  59
  54   0  55   0
  30  48  30  49
  62  19  62  20
   6  29   6  30
  45  33  45  34
  53   2  53   3
  41   6  42   6
  50  13  51  13
  54  23  55  23
  53  22  54  22
  38  55  39  55
  17  44  18  44
  42   4  43   4
  52  25  52  26
   2  49   2  50
  21  33  21  34
  14  13  14  14
  39  55  39  56
  55   7  55   8
  47  24  48  24
  33  44  33  45
  61  58  62  58
  53  35  54  35
   8  17   8  18
  19  55  20  55
  13  54  13  55
  13  60  13  61
   7   0   7   1
  57  60  57  61
   7  40   7  41
   2  29   2  30
  60  17  60  18
  34  40  34  41
  10  32  10  33
  40  35  40  36
  43  18  43  19
  48  58  49  58
  30   1  31   1
  26  40  26  41
  34  30  35  30
  29  12  30  12
   6  19   7  19
  18  59  18  60
  53  58  54  58
  47  13  48  13
  24  18  24  19
  10  37  10  38
  46   6  47   6
  26  44  26  45
  18  44  19  44
  42  38  42  39
  32  35  33  35
  60  56  61  56
  11  45  11  46
  19  31  19  32
   2   1   3   1
   8  31   9  31
  50  35  50  36
  58  41  59  41
  35  60  36  60
  12  35  12  36
  44  19  45  19
  36  41  37  41
   3  16   4  16
  42  20  43  20
  20  12  21  12
  36   4  36   5
   1  46   2  46
   2  39   3  39
  15   1  16   1
  33  14  34  14
  13  59  13  60
  35  38  36  38
  55  19  56  19
  34   4  34   5
  58  52  58  53
   9  52   9  53
  34  33  34  34
  26  48  26  49
  55   8  55   9
   9  45  10  45
  14  12  15  12
  30  45  31  45
  55  29  56  29
  38   0  38   1
  58   1  59   1
  60  59  60  60
  21  48  21  49
  61  53  61  54
   4  12   4  13
  60   1  61   1
  52  17  53  17
   9  27   9  28
  46  36  47  36
  39  18  39  19
  52  49  52  50
  58  12  58  13
  15  39  16  39
  50  44  51  44
  27  28  27  29
  54  19  54  20
  10  40  11  40
   2  31   2  32
  11  24  12  24
  58  52  59  52
  58  51  58  52
  54  42  55  42
  28  60  29  60
   0  43   1  43
  15   7  16   7
  52  49  53  49
  25   5  26   5
   5  49   6  49
   2  23   3  23
  17   5  18   5
   6  37   7  37
  12  16  12  17
  36  35  37  35
  39  18  40  18
  14  36  15  36
  15  32  15  33
   6   5   6   6
  48  47  49  47
   4   7   4   8
  52  29  53  29
   1  39   1  40
  13  47  14  47
   1  39   2  39
  55  35  55  36
  52  41  53  41
  59  37  60  37
  54  40  55  40
  25  31  25  32
  51   5  52   5
  40  44  40  45
   2  13   3  13
   0  51   1  51
  42  50  43  50
  36  25  36  26
  16  39  16  40
  57  44  57  45
  46   2  46   3
  10  24  11  24
  11  32  11  33
   5  28   5  29
  21  11  22  11
  36  19  37  19
  10  34  11  34
  30  42  31  42
  25   6  26   6
  23  14  24  14
  49  19  50  19
  50  23  51  23
  15  60  16  60
  22   3  22   4
  46  46  46  47
  62  38  62  39
  24  49  25  49
   9  43  10  43
  46  61  46  62
  30  50  30  51
  18  11  18  12
  35  62  36  62
   8  29   8  30
  60  20  61  20
   2  57   2  58
  53  54  53  55
  15  17  16  17
   7  13   7  14
  14  14  14  15
   3  15   4  15
   2  44   2  45
  28  14  28  15
  41  24  42  24
  17  54  17  55
  47  33  48  33
  60  57  61  57
  10  47  10  48
  37  40  38  40
  32  32  33  32
  24  29  25  29
  31  60  32  60
   6  31   6  32
  61   7  61   8
  46  56  46  57
   1  61   1  62
  40  21  40  22
  40  48  41  48
  21   6  22   6
  37  57  37  58
  27  60  28  60
  10  55  10  56
  25  39  26  39
  26  60  27  60
   6  32   7  32
  24  60  24  61
  13  14  13  15
  31  56  32  56
  60  36  61  36
   5  38   6  38
  19  37  20  37
  25  38  26  38
   9  37  10  37
  39  38  40  38
  13  10  13  11
  37  50  38  50
  32  34  33  34
  45   7  46   7
  51  48  51  49
   4  48   4  49
  51  40  51  41
  49  18  50  18
  62  11  62  12
  49  15  50  15
  49  39  50  39
  49  48  49  49
  49  42  49  43
  40  13  40  14
  41  34  41  35
  53  14  54  14
  37  42  37  43
  50  15  50  16
  14  13  15  13
  45   6  46   6
  29  12  29  13
  27  29  27  30
  16  10  16  11
  15  29  16  29
  23  31  23  32
  35  24  36  24
  55  50  56  50
   4  48   5  48
  22  30  23  30
  21  25  21  26
  47  41  47  42
  30   6  30   7
  39  22  40  22
  18  55  19  55
  43  23  44  23
  39  62  40  62
  23   5  24   5
   3   9   4   9
  21  15  21  16
  13  15  14  15
  33  39  33  40
  21  33  22  33
  21  61  21  62
  35  39  36  39
  41  33  41  34
  17  42  17  43
  17  28  17  29
  30  42  30  43
  17  47  18  47
  28  21  29  21
  18  53  19  53
  36   8  37   8
  31  37  32  37
  37  16  38  16
  53  27  54  27
  45  26  45  27
  41  14  42  14
  16  33  16  34
   1  18   1  19
  42  30  43  30
   1  22   1  23
  42  29  42  30
  53   8  54   8
  22  29  22  30
  27   1  28   1
  12  56  13  56
  13  14  14  14
  26  33  27  33
   1  15   1  16
   0  54   1  54
  19  57  20  57
  48   8  49   8
  52  45  52  46
  20  22  20  23
  43  43  43  44
  23  56  23  57
  40   5  40   6
  54  31  55  31
  60  37  61  37
  29  17  30  17
   4  18   5  18
  41  12  41  13
   6  46   7  46
  10  11  10  12
  30  37  30  38
  44   4  44   5
  38  43  38  44
  26  16  27  16
  31  24  31  25
  11  25  11  26
  23  18  23  19
  38   7  38   8
   3  11   4  11
  45  50  46  50
  57   6  58   6
   9  27  10  27
  14  58  15  58
  33  16  34  16
  27  37  27  38
  44  57  45  57
  16   7  17   7
   6  36   6  37
   8  34   8  35
  53   5  53   6
  62  37  62  38
  15  36  15  37
  47  53  47  54
  13   3  14   3
  26  56  26  57
  37   1  38   1
  16  26  17  26
  32   7  32   8
  10  22  10  23
  55  44  55  45
  48  25  48  26
  47  12  48  12
  28  23  28  24
  20  18  20  19
  22  49  23  49
  46   0  46   1
  44  51  45  51
  56  49  57  49
   4  20   5  20
  21  58  21  59
  38   5  38   6
  61   3  61   4
  28   8  29   8
  33  50  33  51
  20  42  20  43
  60  10  60  11
  14  54  14  55
  51  33  52  33
  56  13  56  14
  17  50  17  51
  28   3  29   3
  40  54  40  55
  44  48  45  48
  23  11  23  12
  46  48  47  48
  50  50  50  51
  50  41  50  42
  56  50  56  51
  58  26  59  26
  57  13  58  13
  35  54  36  54
  57  19  57  20
  35   6  35   7
  46  15  46  16
  21  37  21  38
  16  50  17  50
  11  46  11  47
  16  34  17  34
  39  19  39  20
  22  44  22  45
  57  39  57  40
  43  33  43  34
  27  22  28  22
   1  20   2  20
  29  21  30  21
  54   8  54   9
  48  12  49  12
  17  24  17  25
  55  32  56  32
  17  55  18  55
  30  29  31  29
   9  23  10  23
  52  37  52  38
   8  39   8  40
  48   5  48   6
  39   8  39   9
   4   7   5   7
  57  21  58  21
   7  52   8  52
  56   1  57   1
  45  53  46  53
   4  22   4  23
  21  22  21  23
  24  12  24  13
  61  36  61  37
  24  38  24  39
  54  36  55  36
   0  21   0  22
  11  55  11  56
  58  57  59  57
  35   2  36   2
  15  33  16  33
   9   3  10   3
  16  47  16  48
  61  20  62  20
  43  53  43  54
  30   8  31   8
  32  29  33  29
   5  32   5  33
  32  25  33  25
  14  53  14  54
  38  37  38  38
   9  15   9  16
  50   6  50   7
  56  28  56  29
  47  18  48  18
  23  16  24  16
  27   6  28   6
  18   3  18   4
  35  54  35  55
   2   6   3   6
  48  36  48  37
   6  38   7  38
   3  48   3  49
   2  22   3  22
  52  14  53  14
  23   3  24   3
  18  39  19  39
   4  32   4  33
  53  57  53  58
   8   5   8   6
  29  40  29  41
  45  48  45  49
  35  52  35  53
  59  44  59  45
  47  51  47  52
  23  39  23  40
  27  60  27  61
  13  57  13  58
  59  35  60  35
  35  28  35  29
   1  13   1  14
  32  22  33  22
   2  41   2  42
  60  45  61  45
  11  37  11  38
   3  40   4  40
  20  14  20  15
  37   4  38   4
  20  52  21  52
   4  41   4  42
  56  61  57  61
  31  29  32  29
  35  25  35  26
  40  23  41  23
  61  50  62  50
  36  15  37  15
  48  43  48  44
  27  53  27  54
  50  57  51  57
  26   9  27   9
  24  26  25  26
  50  30  51  30
  50  18  51  18
  26   1  27   1
   6  35   6  36
  23  54  23  55
   0   4   0   5
  56   5  56   6
  31   4  31   5
  11  25  12  25
   5   0   5   1
  40  46  40  47
  62  41  62  42
  35  41  35  42
  13  13  13  14
   9   7   9   8
  37  56  38  56
  37   0  38   0
   0  16   0  17
  49   0  50   0
  43  27  44  27
  17  14  17  15
  60  20  60  21
   9  50   9  51
  18  51  19  51
  44  61  45  61
  51  60  52  60
  13  18  14  18
  36  47  36  48
  24   8  25   8
  15  61  15  62
  26  26  27  26
  29   6  29   7
  59   5  60   5
  34  53  34  54
  13  46  13  47
  48  51  49  51
  61  49  61  50
  54  53  54  54
   3  55   4  55
  52  58  52  59
  18  42  19  42
  44  13  44  14
  23  15  24  15
  59  25  59  26
  13   0  14   0
  13  46  14  46
   2  15   3  15
  11  30  12  30
  39  32  39  33
  42  31  43  31
   7  24   8  24
  11   4  12   4
  38  18  38  19
  21  27  22  27
  41   7  42   7
  58   6  58   7
  36   6  36   7
  21  29  21  30
  26   6  27   6
   6  24   6  25
  29  18  29  19
   2  47   2  48
  22  40  23  40
  42  48  42  49
  57  11  58  11
  49  55  49  56
   3  23   4  23
   9  28  10  28
  33  59  33  60
  58  25  58  26
  26  12  27  12
  14  23  15  23
  36  16  36  17
  41  22  42  22
  39  25  39  26
  15  17  15  18
  38  44  39  44
  20  36  20  37
  12  22  12  23
  16  58  17  58
  50  52  51  52
  30  54  31  54
  51  29  52  29
  42  28  42  29
  10  29  11  29
  24   3  25   3
  56  48  57  48
  22   5  22   6
  30  18  31  18
  19  44  19  45
  19  33  20  33
  55   3  56   3
  39  25  40  25
  50  56  51  56
   3  20   3  21
  19  16  19  17
  38   4  38   5
  21   3  22   3
  34  22  34  23
  16  19  16  20
   4  58   5  58
  10  29  10  30
  14  28  15  28
  31  61  32  61
  36   7  37   7
  24  55  25  55
  20  49  21  49
   6  15   7  15
  10   0  10   1
  58  35  59  35
  31  48  32  48
  41  27  42  27
  55   5  56   5
  41  52  41  53
  60  52  60  53
  38  13  39  13
  59  49  60  49
  23  29  24  29
  52  51  52  52
  61  20  61  21
   8  56   9  56
   2   7   2   8
  28  30  28  31
  39  29  39  30
  23   4  24   4
   1  23   1  24
   1  56   2  56
   5  41   6  41
  40  17  41  17
  34   3  34   4
  31  11  31  12
  20   1  20   2
  47  56  48  56
  58  24  59  24
   9  55   9  56
  54   5  54   6
  61  40  61  41
  32  23  32  24
  24   9  24  10
  43  31  44  31
  51  12  52  12
   5  30   5  31
   5  57   6  57
  33   9  33  10
   6  45   6  46
  38  15  38  16
  38  52  38  53
   4  10   4  11
   1   3   2   3
  57  32  58  32
  53  15  53  16
  53   9  54   9
  24  24  25  24
  27   3  27   4
  18   2  18   3
   2  19   3  19
  11  41  11  42
   5  53   6  53
   8  24   8  25
  27  17  27  18
   1  44   2  44
  61   2  62   2
  52   5  52   6
   7  12   8  12
  25   5  25   6
  20   8  21   8
  58  14  58  15
  26   2  27   2
  14  36  14  37
   7  37   8  37
  16  43  17  43
  60  14  61  14
  33  47  34  47
  54   6  54   7
  14  18  15  18
  49  59  49  60
  39  61  40  61
   2  57   3  57
  59   2  60   2
  40  59  40  60
  30  62  31  62
  39   4  39   5
  43  46  44  46
  26  19  27  19
  43  42  44  42
  51  18  51  19
  27  25  27  26
  60   3  61   3
  23  45  23  46
  41  30  41  31
  31  17  31  18
  44  56  44  57
  22  28  22  29
  28   9  29   9
  58  31  58  32
   6  50   7  50
  29  56  30  56
  45  23  45  24
  59  45  60  45
  45  54  46  54
  15  22  15  23
  55  44  56  44
  14  44  15  44
  33  46  34  46
  41   0  42   0
  11  51  12  51
  29  39  29  40
  48  10  48  11
   1  57   2  57
  38  56  39  56
  16  12  17  12
  36   4  37   4
  57  62  58  62
  10  23  11  23
  51  11  51  12
  17  48  18  48
  28  22  28  23
  51   1  52   1
   1  25   2  25
  34  58  34  59
  14  19  14  20
  58  31  59  31
  56  39  57  39
  38  50  39  50
  23  23  24  23
  16  59  17  59
   2   0   3   0
  29   4  29   5
   7  58   7  59
  59  54  59  55
  59  58  60  58
  16   6  17   6
  45  37  46  37
  50  36  50  37
  55  61  56  61
   2  48   2  49
  57   5  57   6
  43  54  44  54
   1  49   2  49
   7  52   7  53
  52  32  53  32
   4  23   4  24
  45  57  46  57
  18  40  18  41
  18  36  19  36
  15  41  16  41
  22  27  23  27
  32  37  33  37
  57  29  58  29
  41  14  41  15
  21  45  21  46
  18   4  18   5
  29  52  29  53
   5  35   5  36
  37   7  37   8
  27  33  27  34
  19  19  20  19
  11  40  11  41
   8  61   9  61
  23  42  24  42
  46  30  47  30
  55  18  56  18
  57  27  57  28
  13  48  14  48
  51  30  51  31
  11  16  12  16
  18   0  19   0
  10  49  11  49
  26  47  27  47
   5  36   6  36
  27  43  27  44
  20  32  21  32
  48  28  49  28
  56  43  57  43
  32  24  33  24
  39  16  39  17
  48  48  49  48
  35  61  36  61
  11  15  12  15
  21  39  21  40
  43  24  43  25
  56  59  57  59
  60   7  60   8
  24   2  25   2
  42  57  42  58
  36  22  37  22
  32   4  32   5
   0  10   1  10
  40  58  41  58
  15   7  15   8
  44  49  45  49
  21  46  22  46
   3  22   4  22
  22  54  23  54
   6  15   6  16
  31  58  32  58
  22   1  23   1
  20  51  21  51
  56  50  57  50
  42  27  42  28
  25  24  25  25
  36  39  36  40
  47  48  47  49
  42  40  43  40
  40  28  41  28
  47  10  48  10
  58  50  59  50
  17  60  18  60
   8  35   8  36
  60  60  61  60
  25  47  25  48
  42  33  43  33
  10  36  11  36
   9  32  10  32
   9   0   9   1
   7  21   8  21
   1  41   2  41
   9  35   9  36
   3  53   3  54
   1  22   2  22
   6   6   7   6
  36  57  37  57
  33  41  33  42
  31  41  32  41
  54  43  55  43
   7  32   8  32
  55  37  55  38
  27   7  28   7
  47  16  47  17
  15  47  16  47
  39  45  39  46
  14  37  15  37
  43  16  44  16
  37  30  38  30
  22  50  23  50
  25  60  26  60
  24  28  24  29
  23  43  23  44
  33  37  33  38
  15  11  15  12
  15  34  15  35
  62  16  62  17
  42  11  42  12
  59  43  60  43
  42  44  43  44
  12  21  13  21
  39  13  39  14
  34  38  34  39
  51  37  51  38
  52   8  53   8
  10  53  10  54
   2  37   2  38
  49  46  49  47
  43  34  43  35
  38  10  39  10
  56  41  56  42
  42  19  43  19
  43  41  44  41
   0  19   0  20
   0  50   1  50
  21   4  21   5
  20  30  20  31
  53  36  54  36
   1   2   1   3
   7  28   8  28
   6   8   7   8
  57  18  57  19
  46  31  47  31
  10  33  11  33
  21  57  22  57
   0  34   0  35
  16   8  16   9
  17  36  18  36
  13  42  13  43
  41   2  41   3
   4  59   5  59
  50  28  51  28
  61  47  61  48
  52  14  52  15
  44   6  44   7
  39  23  40  23
  55  26  55  27
  24  23  24  24
  33  54  33  55
  31  39  31  40
  50  18  50  19
   0  34   1  34
  57  26  58  26
  16  53  17  53
   8  36   9  36
  26  11  26  12
  14  15  15  15
  36  51  36  52
  55  17  56  17
  46   8  47   8
  30  58  31  58
  11  12  12  12
  55  23  55  24
  38  12  39  12
  29  47  29  48
  58   6  59   6
  21   2  22   2
  22  60  23  60
  33  24  34  24
  49  10  49  11
  61  27  62  27
  23  26  23  27
  40  29  40  30
  51  55  52  55
  15  12  16  12
  55  32  55  33
  61  46  61  47
  53  30  54  30
  47  31  47  32
  39  16  40  16
  21  23  21  24
   3  25   3  26
   9   8  10   8
  50   6  51   6
  56  16  57  16
  12  40  13  40
  51  52  52  52
  32   1  33   1
  51  58  51  59
  60  51  60  52
  46   7  46   8
  37  23  37  24
  52  32  52  33
  37  51  38  51
  25  22  26  22
  56  23  57  23
  53  17  54  17
  15  56  16  56
  53  61  53  62
  49  50  49  51
  60  44  60  45
   3  30   3  31
  21  44  21  45
  49  22  49  23
   7  15   7  16
   5  51   6  51
  17   6  18   6
  50  54  50  55
  51  49  52  49
  54  43  54  44
  32  17  33  17
  35  34  36  34
  52  57  53  57
  60  28  61  28
  46  55  46  56
  59  61  59  62
  17  61  18  61
  59   7  59   8
  33   5  34   5
  42  12  42  13
   2   4   3   4
  13  40  14  40
  42  23  43  23
  18  32  19  32
   8  28   9  28
  48  60  49  60
  54   4  55   4
   0   2   1   2
  47  50  47  51
   2  17   2  18
  14   4  14   5
  47  23  48  23
  58  61  59  61
  23  20  24  20
  13  19  13  20
  29  16  29  17
  45  31  46  31
  53   4  53   5
  19  40  20  40
  60  27  60  28
  26   1  26   2
  38  14  39  14
  28  40  28  41
  54  34  55  34
  55  55  56  55
  14  42  14  43
   2  36   3  36
  26  42  27  42
  58  20  58  21
  49  25  50  25
  22   6  22   7
  12  50  13  50
  19  10  20  10
  57  43  58  43
  26  52  27  52
  61  33  61  34
  24  15  25  15
  40   7  40   8
  20  13  20  14
  28  29  29  29
  39  15  40  15
  31   5  32   5
  51  32  52  32
  19  28  20  28
  19  31  20  31
  53  60  53  61
  36  47  37  47
  13  19  14  19
  35  56  36  56
  11  34  11  35
  36  18  36  19
  40  18  41  18
  48  39  48  40
   1  53   2  53
  23  37  23  38
  25  29  25  30
  51  33  51  34
  19  48  20  48
   2   2   3   2
   2  16   3  16
  45  30  45  31
  52  60  53  60
  61  50  61  51
  47  14  47  15
  39  35  39  36
  13  10  14  10
  51  46  52  46
   9  30  10  30
  42  60  42  61
  41  42  42  42
   5  20   5  21
  62   3  62   4
  10   6  10   7
  30   0  31   0
  27  51  28  51
  21  19  22  19
  40  24  40  25
  46   6  46   7
  29  49  29  50
   3  52   4  52
  11   0  11   1
  62  36  62  37
  37  46  37  47
   9  62  10  62
  54  31  54  32
  19  60  19  61
  37  49  38  49
  59  48  59  49
   4   6   4   7
  41  19  41  20
  56  62  57  62
  11   0  12   0
  16  40  17  40
  38  45  39  45
  55  58  56  58
  60   3  60   4
  48  32  48  33
  48  34  49  34
   8   3   8   4
  42  51  43  51
  13   9  14   9
   2  61   2  62
  30  39  30  40
  48  59  49  59
   3  28   4  28
  21  54  22  54
  56  32  57  32
   0  45   0  46
  47  58  48  58
   3   4   3   5
  25  52  25  53
  57  50  57  51
   0  55   1  55
  44  40  44  41
  27  53  28  53
  25  37  26  37
   6  42   6  43
  16  40  16  41
   4  16   5  16
  40  22  40  23
  61  30  61  31
  51  23  52  23
   4  54   4  55
  18   5  19   5
  25  17  25  18
  56  15  56  16
  36  58  36  59
  17  58  18  58
  34  13  35  13
  24   4  24   5
  33  33  33  34
  54  54  55  54
  52  34  52  35
  37  10  37  11
  29   6  30   6
  44  16  44  17
   5   3   6   3
  31  54  31  55
  32  48  32  49
   2  45   2  46
   5  45   6  45
  53  31  53  32
  40  37  40  38
  62   1  62   2
  39   8  40   8
  17  35  17  36
  42  25  42  26
   0   7   1   7
  31  55  32  55
  38  23  38  24
  27  44  28  44
  49  11  50  11
  54  49  55  49
  26  34  26  35
  55  57  55  58
  21  19  21  20
  51  25  51  26
  50  60  50  61
  47  17  48  17
  38  24  38  25
  17  62  18  62
  45  36  46  36
   2  58   3  58
  11   1  11   2
  31  31  32  31
  52   1  53   1
   1  26   2  26
   4  57   5  57
  53   6  53   7
  15  58  16  58
  27  30  27  31
  25  44  25  45
  52  12  53  12
  34  11  35  11
  32  15  32  16
  61  39  61  40
  53  18  53  19
  14  38  15  38
  22  24  22  25
  32   7  33   7
  55  58  55  59
  21  43  22  43
  28  52  29  52
  33   3  34   3
   7  62   8  62
  42  27  43  27
  55  49  56  49
   9  51  10  51
  55  51  56  51
  59  20  60  20
   3   2   3   3
  42   6  43   6
  62  45  62  46
  20  56  20  57
  47  18  47  19
  22  25  22  26
  46   0  47   0
  36  44  37  44
  33  58  33  59
  35  47  35  48
  34   9  34  10
  32  51  32  52
  23  25  23  26
   7  28   7  29
  25  41  26  41
  57  42  58  42
  19  58  19  59
  48  43  49  43
  14  55  14  56
  13  20  14  20
  60  55  60  56
   3  57   4  57
  27  22  27  23
  18  48  19  48
  11  43  12  43
  43  61  43  62
  54  38  55  38
  44  27  44  28
   0  30   0  31
   1   1   2   1
  50  24  50  25
   6  43   6  44
  26  34  27  34
  36  13  37  13
  32  21  33  21
  19  13  19  14
   0  24   1  24
  19  24  19  25
  52  13  53  13
  19   5  20   5
   5  10   6  10
  13  33  14  33
  32  45  32  46
  34  13  34  14
  36  61  36  62
  31  19  31  20
  21  35  22  35
  25  48  25  49
  48  22  49  22
  20  46  21  46
  42   1  42   2
  45  39  45  40
  37  55  38  55
  10   2  10   3
  33  12  33  13
   3  31   4  31
  35  47  36  47
  30  59  30  60
  44  45  44  46
  51  34  51  35
  54  27  55  27
   0  11   1  11
  36  55  37  55
  59  54  60  54
  12  31  12  32
  47  26  47  27
   8  24   9  24
  41  39  42  39
  57  50  58  50
  48   5  49   5
   9  58  10  58
  20  37  20  38
  12  44  12  45
   8  59   8  60
  11  16  11  17
  18  28  18  29
  29  13  30  13
  53  12  53  13
  30  21  30  22
  11  18  11  19
  19  14  20  14
  25  40  26  40
   6   7   7   7
  40  26  40  27
  49   9  50   9
  11   7  12   7
  55  43  56  43
  43  41  43  42
  31  16  31  17
  51   9  51  10
   6  11   6  12
  59  51  60  51
  61  36  62  36
   1  11   2  11
  46  21  47  21
   6  40   6  41
  13  43  13  44
  33   1  33   2
  53  12  54  12
  20  30  21  30
  31  25  31  26
  54  52  54  53
  54  61  54  62
   1  43   1  44
  20  12  20  13
  46  15  47  15
  19  56  20  56
   1  31   2  31
  11  12  11  13
  19  61  19  62
  44  40  45  40
  31   6  32   6
  17  40  17  41
  46  38  46  39
  38  24  39  24
  43  28  44  28
  19  45  19  46
  28  14  29  14
  32  59  33  59
  53  34  54  34
  41  33  42  33
  38  47  38  48
  35  44  35  45
  14   1  14   2
  37  37  37  38
  38  13  38  14
  14  26  15  26
  39  37  39  38
  45  20  45  21
  23  23  23  24
  15   4  16   4
  40   8  40   9
   8  54   9  54
  38  51  38  52
  24  25  25  25
  47  42  47  43
  62  30  62  31
  11  50  12  50
  52  38  53  38
  54  20  54  21
  62  57  62  58
  30  61  30  62
  40  24  41  24
   0  59   0  60
  33  52  33  53
  21  54  21  55
   8   8   8   9
  14   8  14   9
  38  48  39  48
  17  49  17  50
  34  21  35  21
  61  21  61  22
  40  43  40  44
  41  29  42  29
  34  48  34  49
   8  49   9  49
  11  60  12  60
  46  44  46  45
  35  33  35  34
  60  21  60  22
  47  36  48  36
  34  20  35  20
  37  48  38  48
   6  17   7  17
  32  57  33  57
  28  24  29  24
  45   5  45   6
   1  16   1  17
  31  13  31  14
   9  52  10  52
  30  26  31  26
   1  29   2  29
  10  45  11  45
   4  36   4  37
   2  46   2  47
  12  57  13  57
  33   0  33   1
  21  37  22  37
  39  31  40  31
  29  20  30  20
  36  12  37  12
  38  35  39  35
  31  47  32  47
  37  31  37  32
  52  51  53  51
   4   5   5   5
  42  11  43  11
  10  14  11  14
   9  18  10  18
  41   5  41   6
  56   2  56   3
  49  16  50  16
  29  28  30  28
   7  16   7  17
  50  42  50  43
   4  21   5  21
  32   6  33   6
  17  11  18  11
  28  52  28  53
  46  52  46  53
  55  62  56  62
   2  15   2  16
  60  32  61  32
  14  17  15  17
  41   9  42   9
   9  61  10  61
  35  30  36  30
  31  25  32  25
  18  15  19  15
  47  40  47  41
  21   6  21   7
  11  22  12  22
  57  24  57  25
  24  32  25  32
  47  45  48  45
  39  35  40  35
  53  28  54  28
  27  57  27  58
  48  52  49  52
  22  54  22  55
  10  62  11  62
  34  42  35  42
  45  45  45  46
  35   1  36   1
  60  36  60  37
   1   8   1   9
  52  21  52  22
  20  15  20  16
   8  45   9  45
  13  41  14  41
  53   1  53   2
  18  14  19  14
  46  49  47  49
  15  22  16  22
  62  52  62  53
  47  23  47  24
   4  33   4  34
  23  53  23  54
   0  31   1  31
  24  42  25  42
  57   4  57   5
  45  11  45  12
  61  24  62  24
  34  52  34  53
  17  16  18  16
  33  17  33  18
  22  32  22  33
  62   6  62   7
  55  23  56  23
  38  19  39  19
  35  40  35  41
  19  34  20  34
  56  28  57  28
  10  43  10  44
  13  58  13  59
  12  51  12  52
  40  18  40  19
  15  52  16  52
  33  52  34  52
  55  27  56  27
  56  43  56  44
  13   4  14   4
  40  42  40  43
  36  32  36  33
  24  44  24  45
  22  56  22  57
  24  27  24  28
  52  60  52  61
   8  32   9  32
  39  27  40  27
   7   4   7   5
  47  40  48  40
  14  46  14  47
  31  58  31  59
  57  57  57  58
  24  57  24  58
  60  11  60  12
  16   8  17   8
  47  45  47  46
  54  60  54  61
  26  51  26  52
   5  48   6  48
   9  59   9  60
  23   9  23  10
   3  56   4  56
  61  24  61  25
  39  52  39  53
   4  40   4  41
  36   9  36  10
  47  46  48  46
  23   8  24   8
  50   3  50   4
  38   8  39   8
  45  27  46  27
   7  53   8  53
   8  18   9  18
  60   8  60   9
  60  56  60  57
  28  61  29  61
  53   9  53  10
  17  45  18  45
  41  10  41  11
  13  49  13  50
  61  26  61  27
  29   7  30   7
  38  26  38  27
  49  39  49  40
  35  35  35  36
   5  26   5  27
  41  55  42  55
  47  59  48  59
  10   5  10   6
  16  16  17  16
  57   8  58   8
  19  60  20  60
  27  58  27  59
  33   4  33   5
  26  22  27  22
  11  52  11  53
  10  56  10  57
  23  33  23  34
  60  23  60  24
  28  51  28  52
   4  16   4  17
  23  53  24  53
  16   1  16   2
  46  50  46  51
   0   9   0  10
  38  28  38  29
  13   8  14   8
  56   3  57   3
  51  36  52  36
  61  32  61  33
  27  35  28  35
   7  18   8  18
  57  14  57  15
  55   5  55   6
  32  55  32  56
   4   3   5   3
  28  48  28  49
  22  51  22  52
  43  19  43  20
  38  40  38  41
  12  33  13  33
   2  60   3  60
  47  21  48  21
   7   6   8   6
  48  24  48  25
  32   0  33   0
  27  52  27  53
  30  51  31  51
  33   8  33   9
  44  58  45  58
  34  23  34  24
  50  43  50  44
  11   3  11   4
  15  25  16  25
  56  52  56  53
   7  36   8  36
   4  52   5  52
  19  44  20  44
  52   0  52   1
   7  26   7  27
  33  26  33  27
   3  27   3  28
   9   5   9   6
  43   1  44   1
  57  10  58  10
  48  45  48  46
  48  27  48  28
  12  17  13  17
  11  11  11  12
   0  32   0  33
  39  46  39  47
   6  41   6  42
   0  14   1  14
  54  45  54  46
   3  17   3  18
  47  55  48  55
   6  52   6  53
  47  11  47  12
  52  24  53  24
  18  43  19  43
  29  25  30  25
  27  20  28  20
  38  49  39  49
  28  35  28  36
  29  14  30  14
  45  35  45  36
  61  17  61  18
  48   1  49   1
  35  46  35  47
  20  39  20  40
   6  25   7  25
  18  47  19  47
  26  43  26  44
  33  19  33  20
  48  45  49  45
  51  10  52  10
  49   1  50   1
  12  30  13  30
  27  21  28  21
  59  52  60  52
  53  23  53  24
  44  25  45  25
  13  37  13  38
  46   3  47   3
  36  36  37  36
  18  22  18  23
  57  43  57  44
  23  41  24  41
   0  62   1  62
  57  36  57  37
  14  27  14  28
  19  28  19  29
   9   8   9   9
  38   2  39   2
  54  57  54  58
  58  57  58  58
  14  11  14  12
   1   3   1   4
  36  10  37  10
  25  43  25  44
  51  62  52  62
  26  42  26  43
  39  30  40  30
  26   5  27   5
  53  59  53  60
  18  35  18  36
  30  23  31  23
  13   2  13   3
  49   2  49   3
  47  17  47  18
  19  17  20  17
  11   9  12   9
  59  10  60  10
  35  37  36  37
   5   4   6   4
   7  38   8  38
  29  31  30  31
  16  54  17  54
  24  57  25  57
  55  30  55  31
  18  25  18  26
  48  58  48  59
  15  31  16  31
  48  29  48  30
   7   3   7   4
  54   1  55   1
  43   5  43   6
  44  18  44  19
  52  19  52  20
  18  34  19  34
  25   9  25  10
  33  35  33  36
  55  36  55  37
  38   1  38   2
   8  16   8  17
  52  10  52  11
  40  36  40  37
  16  23  16  24
  14  34  15  34
  18  26  19  26
  54  35  54  36
  25  42  25  43
  37  58  37  59
  12  20  13  20
  48  36  49  36
  34   1  35   1
  28  40  29  40
  37  38  37  39
  30  35  31  35
  29  22  30  22
  11  23  12  23
  51  11  52  11
  10  53  11  53
  23  12  23  13
  28  60  28  61
  59  30  60  30
  23  30  23  31
  36   5  36   6
  61  53  62  53
  23  61  23  62
  46  25  47  25
  61   0  61   1
  37   2  37   3
  45  44  45  45
  57  55  57  56
  20  57  21  57
  42   6  42   7
  21   7  22   7
  21  42  22  42
  56  15  57  15
  15  15  15  16
  14   6  14   7
  50   8  51   8
  10  47  11  47
  45  12  46  12
   6  62   7  62
  44  45  45  45
  42  55  42  56
  50   0  50   1
  57  59  57  60
  61   1  61   2
  53  50  54  50
   2  18   3  18
  52  36  53  36
  22  51  23  51
  49  33  50  33
   5  50   5  51
  20  38  20  39
  39  43  40  43
  15  30  16  30
  45  35  46  35
  26  36  27  36
  60   8  61   8
  50  38  51  38
  42   8  43   8
  34  47  34  48
  19  26  19  27
  27  27  28  27
  38   2  38   3
  27  31  28  31
  28  19  29  19
  33  60  34  60
  57  33  57  34
  47  32  47  33
  21  34  21  35
   4  56   5  56
  14  29  14  30
   0  17   0  18
  19  35  20  35
  30  18  30  19
  35  55  35  56
   9  57  10  57
  58  11  59  11
  59  36  60  36
  41  61  42  61
  42  58  42  59
  32  54  33  54
  57   7  58   7
  51  27  52  27
   0  51   0  52
  57  46  57  47
  42   0  42   1
   5  12   5  13
  36  34  36  35
  44  54  44  55
  47  52  47  53
   0  30   1  30
  39  17  39  18
   2  26   3  26
  45  46  46  46
  11  10  12  10
  51   1  51   2
  39  41  40  41
  60  14  60  15
  58  30  58  31
  32  35  32  36
  49  30  49  31
  16   0  17   0
  18  32  18  33
  31  45  31  46
  28  37  29  37
   5  26   6  26
  15  44  16  44
  50  32  51  32
   9  22   9  23
  62  44  62  45
  39  49  39  50
   1   6   2   6
  60  62  61  62
  34   0  35   0
  54  45  55  45
   4  27   4  28
  40  12  41  12
  54  18  54  19
  49  24  50  24
  48  51  48  52
  56  55  57  55
  45   6  45   7
  48  53  49  53
  28  56  28  57
  61  38  61  39
 53  32  54  32
 36  37  37  37
 23  24  23  25
 29  45  30  45
 18  39  18  40
  6  51   6  52
 42  47  42  48
 37  27  37  28
 47  26  48  26
 27   2  27   3
 25   4  25   5
 20  25  21  25
 40  32  41  32
 54  33  55  33
 31  27  32  27
  1  51   1  52
 11  27  12  27
 47  15  47  16
 11  31  12  31
 17  10  18  10
 49   0  49   1
 43  59  44  59
 53  19  54  19
 45  12  45  13
 23  13  23  14
 44  14  44  15
  4  24   4  25
 13   5  14   5
 34  57  35  57
 33  38  34  38
 14  56  15  56
 15  29  15  30
 15  40  15  41
 58  32  59  32
 44  23  45  23
 58  48  58  49
 38  60  38  61
 15  56  15  57
  1  54   2  54
 12  43  13  43
 22  55  22  56
 20  45  20  46
 28  22  29  22
 32  56  32  57
 39  41  39  42
  5   1   5   2
 48   9  48  10
 25  53  25  54
  0  40   1  40
  4  51   4  52
 59  11  60  11
  4  30   4  31
 49  43  50  43
  2   6   2   7
 40  46  41  46
 37  40  37  41
 47  22  48  22
 61  22  61  23
 50  25  51  25
 10  50  10  51
 50  38  50  39
 42  59  43  59
 31  29  31  30
 14   7  14   8
 59  17  59  18
 52  52  52  53
 30  36  31  36
 48  38  49  38
 21   8  22   8
 58  41  58  42
 53   0  53   1
 56  10  57  10
  4  26   5  26
  4  17   4  18
 25  12  25  13
 44  21  44  22
 13  36  14  36
 40  30  41  30
 12   7  13   7
 57  44  58  44
 26  61  26  62
 19   3  19   4
 28  59  29  59
 52  16  53  16
 10  16  10  17
 25  49  26  49
 31  49  31  50
 52  11  53  11
  5  39   5  40
 22  11  22  12
 27  61  28  61
 54   3  54   4
  8   5   9   5
 17   7  18   7
 51  12  51  13
 23   1  24   1
 58  21  59  21
  7  23   8  23
  7  46   8  46
 42  54  43  54
 22  12  23  12
 55  42  56  42
  9  32   9  33
 11   6  11   7
  7  55   8  55
 40  39  40  40
 45  49  45  50
 57  47  58  47
 28  53  29  53
 24  47  24  48
 41  48  41  49
 45   8  45   9
 35  42  36  42
 56   1  56   2
 60  61  60  62
 31  55  31  56
 52  33  52  34
 38  22  38  23
  6  14   7  14
 18  21  19  21
  5  35   6  35
  0  23   0  24
 60  16  60  17
 13  53  14  53
 19   7  20   7
  9  60  10  60
 11  28  12  28
 51   7  51   8
 47   9  47  10
 17  34  17  35
 32  18  32  19
  1  47   2  47
 31  51  31  52
 31  18  31  19
 47   9  48   9
 26  13  27  13
 44  22  44  23
 22  38  22  39
 32  41  33  41
 61  58  61  59
 10  46  10  47
 38  44  38  45
 29  49  30  49
 11  42  11  43
 11  17  11  18
 39  10  39  11
 25  13  26  13
 52   6  53   6
 36  48  37  48
 36  14  36  15
 26   8  27   8
 28   8  28   9
 29  35  29  36
  4  28   5  28
 37  52  37  53
 18  55  18  56
 39  51  40  51
  9  59  10  59
 54  15  55  15
  3  12   4  12
 13  58  14  58
 19  56  19  57
  4  40   5  40
 24  38  25  38
 62  61  62  62
 23  56  24  56
 18  51  18  52
 33  30  33  31
 42  53  43  53
  7  61   8  61
 24  39  24  40
  7  16   8  16
  5  46   5  47
  5  21   6  21
  5  22   5  23
 21  41  21  42
 50  39  51  39
 24  40  25  40
  9   1   9   2
 17  35  18  35
 26  22  26  23
 19  37  19  38
 57   3  58   3
  8  13   9  13
 16  38  17  38
  3  35   4  35
  4  38   4  39
 20  16  21  16
 36  40  37  40
 43  39  44  39
 40  57  41  57
 54  24  55  24
 31  10  31  11
 54  61  55  61
 24  10  24  11
 41   3  42   3
  1   5   2   5
  5  40   6  40
 61   5  62   5
 54   7  54   8
 38   9  39   9
 45   9  45  10
 12   5  12   6
 29  37  30  37
 22  15  23  15
 59   4  60   4
  2  19   2  20
 11  48  12  48
 54  38  54  39
 23  25  24  25
 21  22  22  22
 21   7  21   8
  5  32   6  32
 34  38  35  38
  1  58   2  58
  6  48   7  48
  3   3   4   3
 18  46  18  47
 48  29  49  29
  0  27   0  28
  8  53   9  53
 46   1  46   2
  5   3   5   4
 35  10  36  10
 48  17  48  18
 48  31  48  32
  1  38   2  38
  3  39   4  39
 12  12  13  12
 35  22  35  23
 28  38  28  39
 46  23  47  23
 35  28  36  28
 50  33  50  34
 45   1  46   1
  7  58   8  58
  1  33   1  34
 44   1  45   1
  9  10   9  11
 25  10  25  11
 61  13  61  14
 29  46  30  46
 55   2  55   3
 25  47  26  47
 17  26  18  26
 29  60  29  61
 53  26  54  26
 46  16  46  17
  8  57   9  57
 34  31  35  31
 59  39  59  40
 15  10  16  10
 25  23  26  23
 34  61  35  61
 12  35  13  35
 44  54  45  54
 54  62  55  62
 61  44  62  44
 26   5  26   6
  8  43   9  43
 14  30  14  31
 44   8  44   9
 20  47  21  47
 57   6  57   7
 35   8  36   8
 51  16  51  17
 22   3  23   3
  9  12  10  12
 31  15  31  16
 53  19  53  20
 51  43  52  43
 43  35  43  36
 17   1  18   1
 57  48  57  49
 10  58  11  58
 32  44  32  45
 23   6  24   6
 61  18  61  19
 19  52  19  53
 60  26  61  26
  0  26   1  26
 39  10  40  10
 43  52  44  52
 57  47  57  48
 18  29  18  30
 21  52  21  53
 62   7  62   8
 12  55  12  56
 19  23  19  24
 51   5  51   6
 51  45  52  45
 13   5  13   6
 51  48  52  48
 29  19  29  20
 61  34  62  34
  0  20   1  20
 45  19  46  19
 47  27  47  28
 13  26  13  27
 61   4  62   4
 44   4  45   4
 47  39  47  40
  6  52   7  52
  2  17   3  17
  3  49   4  49
 11  22  11  23
 42  19  42  20
 20  59  20  60
 23  42  23  43
  7  38   7  39
 31  10  32  10
 40  15  40  16
 17   9  18   9
 12  13  12  14
 27  49  27  50
 53  57  54  57
  7  35   8  35
 30  31  31  31
 11  37  12  37
 31  26  32  26
 33  43  34  43
  7  60   7  61
 38  46  38  47
 20  27  21  27
 33  14  33  15
 24  50  25  50
 53  51  53  52
 35  46  36  46
 43  58  43  59
 44  29  45  29
 21  49  21  50
 33  62  34  62
 58  28  59  28
 11  53  11  54
 13  17  13  18
 60   4  60   5
 27  35  27  36
  4  36   5  36
 26  36  26  37
 13  51  14  51
 23  16  23  17
 24  24  24  25
 50  44  50  45
 34  23  35  23
 61  51  62  51
 58   9  58  10
 48  26  49  26
 44  44  45  44
 54  16  54  17
 52  18  52  19
 33  23  33  24
 43  47  44  47
  6  13   7  13
 42  17  42  18
 25  28  26  28
  3  44   3  45
 14  49  14  50
  3  18   4  18
 58  37  58  38
 57  45  58  45
 56  31  57  31
 40  31  40  32
 22  47  22  48
 26  13  26  14
 44  34  44  35
 44  61  44  62
  5  60   5  61
 21  45  22  45
 55  55  55  56
 43  60  43  61
 27  62  28  62
 41  12  42  12
 19   8  20   8
 17   5  17   6
 33  42  33  43
 31  54  32  54
  0  60   1  60
  9  14   9  15
 43  36  43  37
 24  40  24  41
  0  57   0  58
 52  37  53  37
 24  48  24  49
  4  49   5  49
 50  47  51  47
 14  49  15  49
 60  39  60  40
 33  45  33  46
 18  19  19  19
 44  52  44  53
 18   8  18   9
 50  36  51  36
 14  47  14  48
 12  14  12  15
 31  33  32  33
 46  14  47  14
 50  58  51  58
 46  23  46  24
 48  13  49  13
  7  27   8  27
 19  25  19  26
 16  52  17  52
 59  29  59  30
  6  17   6  18
 55  15  55  16
 27  11  27  12
 53  16  53  17
 10  18  10  19
 14  22  14  23
 41  23  41  24
 47  10  47  11
 22  20  22  21
  1  28   1  29
 24  53  25  53
 31   3  31   4
 40   0  41   0
 12  42  12  43
 20  60  21  60
  3  43   4  43
 43  49  44  49
  9  57   9  58
  5  14   5  15
 56  24  56  25
 55  24  56  24
 39   5  39   6
 10  51  10  52
 18  17  19  17
 19  42  20  42
 42  52  42  53
 41  55  41  56
 58  34  58  35
 43  28  43  29
  1   0   1   1
 29   5  30   5
 52  17  52  18
 16  41  17  41
 44  50  45  50
 12  10  12  11
 57  38  58  38
 18  62  19  62
  6  20   6  21
 47  29  47  30
  4   8   5   8
 59   3  59   4
 42  40  42  41
 49  23  50  23
 35   5  35   6
  1  38   1  39
 36   2  37   2
 49  18  49  19
 27  39  27  40
 55  26  56  26
 38  41  39  41
 21  30  21  31
 18   7  19   7
  8  41   9  41
 17  33  18  33
 57  17  57  18
 20  41  20  42
 50  57  50  58
 46  37  47  37
 41   3  41   4
 13  12  13  13
 30  31  30  32
 60   7  61   7
  8  38   9  38
 13  45  13  46
 13  29  13  30
 11  19  11  20
 30   4  31   4
 45  25  46  25
 30  13  30  14
 31  48  31  49
 28  46  29  46
 21   9  22   9
  0  42   1  42
 56  38  57  38
  3  35   3  36
 12  51  13  51
 19  15  20  15
  3   0   4   0
 26   0  26   1
 42  35  43  35
  8  52   9  52
  6  42   7  42
 35  43  36  43
 30  15  30  16
 38  34  39  34
 34  39  34  40
 27  16  28  16
 28  10  28  11
 35  61  35  62
 14  17  14  18
 57  31  57  32
  4   9   4  10
 22  59  22  60
 51  50  51  51
 37  59  37  60
 24  46  24  47
 53  13  53  14
 33  56  33  57
 38  28  39  28
  2   4   2   5
 46  26  46  27
  3  30   4  30
 33  25  34  25
 11  42  12  42
 59  40  59  41
 28  31  28  32
 10  10  11  10
 50  26  50  27
 50  45  51  45
 16  60  16  61
  3  14   3  15
  6  12   7  12
 58   4  59   4
 18  40  19  40
 17  20  17  21
 48  18  49  18
  1   7   2   7
 48  27  49  27
 42  26  43  26
 25  31  26  31
 26  23  27  23
 55  45  55  46
  4  10   5  10
 55  39  56  39
  5  59   6  59
 58  33  59  33
 37  20  37  21
 27  16  27  17
 24  43  24  44
  2  23   2  24
 11  38  12  38
 20  43  20  44
 18  20  18  21
 42   7  42   8
 55   6  55   7
 23  34  23  35
 28  49  28  50
 43  61  44  61
 59  26  60  26
  8  50   9  50
  6  39   7  39
  1  57   1  58
 35  48  35  49
 28  36  28  37
 37  33  38  33
  4  42   5  42
 26  30  26  31
 45   5  46   5
 37  15  38  15
 10  48  11  48
 31  11  32  11
 59  60  60  60
 27   1  27   2
 54   0  54   1
 42  46  42  47
 35  31  36  31
  2  55   3  55
 46  28  46  29
  9   3   9   4
 50  54  51  54
 42  60  43  60
 56  53  56  54
  6   6   6   7
 28  20  29  20
 25  62  26  62
 14  45  14  46
 11  13  11  14
 48  42  49  42
 15   0  15   1
 57  25  58  25
 17   0  17   1
 10  20  11  20
 37  28  37  29
  9  36  10  36
 30  24  30  25
 25  25  26  25
 37  47  38  47
 40  19  40  20
 27  32  27  33
 61  47  62  47
 50  33  51  33
 50  29  51  29
  4  50   4  51
  1   9   2   9
  1  23   2  23
 22  39  22  40
 59   7  60   7
 43  53  44  53
 21  50  21  51
 34  15  34  16
 36  32  37  32
 49  27  49  28
 19  57  19  58
 15  52  15  53
 44  38  44  39
 49   8  50   8
 16  61  17  61
 47   3  47   4
 12  62  13  62
 39  29  40  29
 56  38  56  39
 20   4  20   5
 26  33  26  34
 61  57  61  58
  3   5   3   6
 55  10  55  11
 20  29  21  29
 43   8  43   9
 10  48  10  49
 47  55  47  56
 34  14  34  15
 62  25  62  26
 11   9  11  10
  2  52   3  52
 24  54  24  55
 11   7  11   8
 60  33  60  34
 54  12  54  13
 34  39  35  39
  9  43   9  44
 24  45  25  45
 25  59  25  60
 30  21  31  21
 17  52  18  52
 12  39  13  39
 12  11  13  11
 13  41  13  42
 22   8  23   8
 18  56  19  56
 44  24  45  24
 29  26  30  26
 46  12  46  13
 24  56  24  57
 10  60  10  61
 49  42  50  42
 59  55  59  56
 43   1  43   2
 32  16  32  17
 27  15  28  15
  8  49   8  50
 59  20  59  21
 26  18  27  18
  3  38   4  38
 57  37  58  37
 53   8  53   9
  7  10   7  11
 54  25  54  26
 37  25  37  26
 32  52  33  52
  5  53   5  54
 15  14  15  15
 34  59  35  59
 25  34  25  35
 57  58  58  58
 12  33  12  34
 14   7  15   7
 56  19  56  20
 12  24  13  24
 18  50  18  51
  8  20   9  20
 10  19  10  20
 33  19  34  19
 35  51  36  51
  6  25   6  26
 50  14  51  14
 41   1  41   2
 26  14  26  15
 61  26  62  26
 58  11  58  12
 60  34  61  34
 52   6  52   7
 46  59  47  59
 10   1  10   2
 58  43  59  43
 30   5  30   6
 15  55  16  55
 20  56  21  56
 15  26  16  26
 10  58  10  59
 14  33  14  34
 14   9  14  10
  5  18   6  18
 32   3  32   4
  7  26   8  26
 29  25  29  26
 40  42  41  42
 50  17  51  17
 26  49  27  49
 27  48  27  49
 60  32  60  33
 44  55  44  56
 28   1  29   1
 58  38  58  39
 39  48  39  49
 26   8  26   9
  5  47   6  47
 20  50  20  51
 15  54  16  54
 34  29  35  29
 26  55  26  56
 54  24  54  25
 26  28  27  28
 36  25  37  25
 44  30  44  31
 37  29  38  29
 19  18  20  18
 31  45  32  45
 22  45  23  45
 35  29  35  30
 47  38  47  39
 41  49  41  50
 44   7  45   7
 28  37  28  38
  8  26   9  26
  4  19   5  19
 41   4  41   5
 25  46  26  46
 38  40  39  40
 19  33  19  34
 41  47  42  47
 19  41  20  41
 57  23  58  23
 37  26  37  27
 46  46  47  46
 10  31  10  32
 17  18  17  19
 32   8  33   8
 12  42  13  42
 18  41  18  42
 61  42  62  42
 44  10  44  11
 24   0  24   1
 48   3  48   4
 21  53  22  53
 41  47  41  48
 57  23  57  24
 42  17  43  17
 40  48  40  49
 17  26  17  27
 11   6  12   6
 24  32  24  33
  2  25   2  26
 10  13  10  14
 53  18  54  18
 45  36  45  37
  1   5   1   6
 28  26  28  27
 27  41  28  41
 55  40  56  40
 52  26  52  27
 10  36  10  37
 37  50  37  51
 59  30  59  31
 24  52  25  52
 10  38  11  38
 10   7  10   8
 61  55  62  55
  3  22   3  23
 32   1  32   2
 58  15  59  15
 52  46  52  47
 61  28  61  29
 36  40  36  41
 48  23  49  23
 40  32  40  33
 56  47  56  48
 30  15  31  15
 54  10  55  10
 46  51  46  52
  8  57   8  58
 44  56  45  56
 14  43  15  43
 10  41  11  41
 51  13  52  13
 41  41  42  41
 61  18  62  18
 60  27  61  27
 60  48  61  48
  6  20   7  20
 36   0  36   1
 13  38  13  39
 17   2  17   3
 39  36  40  36
  7  17   8  17
 49  32  49  33
 28  28  29  28
 39  26  40  26
 41  35  41  36
 12  31  13  31
 59  42  60  42
 46  32  47  32
  4  35   4  36
 24  34  25  34
 43  37  44  37
 25  58  26  58
 23  19  24  19
 57  27  58  27
 61   8  62   8
 60  43  60  44
 26  50  27  50
 31  40  32  40
 10  41  10  42
 44  20  44  21
  0  54   0  55
 32   6  32   7
 11   8  11   9
 49  62  50  62
 28  32  29  32
 34  24  34  25
 20  52  20  53
 24  26  24  27
 60  35  61  35
 19  39  19  40
 39  54  39  55
 40  49  41  49
 35   0  36   0
 50  21  50  22
 55  16  55  17
  4  46   5  46
 61  12  62  12
 24  12  25  12
 29  10  29  11
 54  14  55  14
 35  59  36  59
 44   9  45   9
 56  29  56  30
 34   2  35   2
 16  33  17  33
  0  46   1  46
 11   1  12   1
 28  11  28  12
 12  28  13  28
 45  61  45  62
 22  57  22  58
 26  32  27  32
 24  58  24  59
 17  56  17  57
  3  52   3  53
 49  14  49  15
 10  21  11  21
  0  58   0  59
 38  29  39  29
 26  35  26  36
 31  32  31  33
 13  17  14  17
  3  19   3  20
 28   5  29   5
 46  26  47  26
 44   0  44   1
 25  28  25  29
 17  47  17  48
 38  33  38  34
 60  23  61  23
 59  23  60  23
 29  37  29  38
  9  29  10  29
 39   0  39   1
  0   0   1   0
 47   6  47   7
 19  12  20  12
 14  10  15  10
 31  49  32  49
 49  31  50  31
 30  14  30  15
  9  22  10  22
 52  31  53  31
  3  57   3  58
  7  11   8  11
 30  46  30  47
 58   0  59   0
 49   3  50   3
 35  53  36  53
 44  49  44  50
 54  12  55  12
  1  60   1  61
  2  43   3  43
 18  49  19  49
 47  35  47  36
 28  28  28  29
 61  16  62  16
 48   7  48   8
 55   0  56   0
 10  50  11  50
 44  13  45  13
 25  41  25  42
 16  36  17  36
  9  38   9  39
 53  40  53  41
 12  19  12  20
 13  18  13  19
 53  25  54  25
 53  41  54  41
 10  11  11  11
 40  11  40  12
 48  31  49  31
 30  39  31  39
 15   5  16   5
 15  58  15  59
 47   0  48   0
 27  28  28  28
  1   4   2   4
 36  16  37  16
 18  33  19  33
 21  40  21  41
 15  11  16  11
 55  29  55  30
 37  51  37  52
 51  47  52  47
 30  19  30  20
 61  10  61  11
 46  60  46  61
 44  43  44  44
 23  41  23  42
 20  34  20  35
 24  41  25  41
 11   5  11   6
 43   8  44   8
 17  48  17  49
 28  16  28  17
  0  42   0  43
  0  35   1  35
 60   2  60   3
 50   5  51   5
 39  50  40  50
 32  31  33  31
 27  46  28  46
  8  27   8  28
  9  13   9  14
 20  28  20  29
 12  61  13  61
 44  20  45  20
 37  16  37  17
 32  27  32  28
 11   4  11   5
 54  53  55  53
 23  32  24  32
 24  51  24  52
 33  40  34  40
 56   4  56   5
 39  39  39  40
 62   9  62  10
 26  40  27  40
 59  11  59  12
 29  41  29  42
 50  12  50  13
 29  34  30  34
 56  21  56  22
 27  23  28  23
 44  42  44  43
  6  18   7  18
 49  30  50  30
 10  22  11  22
 55  54  56  54
 31  23  32  23
 29  42  29  43
 47  62  48  62
 50  21  51  21
 27  18  27  19
 54  47  54  48
 49  16  49  17
 43   4  43   5
  8  16   9  16
 33  49  33  50
 17  10  17  11
  0   5   0   6
 13  36  13  37
 31  35  32  35
  4  12   5  12
 25  35  26  35
 23  55  23  56
 47  28  48  28
 46  57  46  58
 50  20  51  20
 10  28  11  28
 11  35  12  35
 42  41  43  41
  8   1   8   2
 22  16  23  16
 17  19  18  19
 12   0  12   1
 48  62  49  62
 21  26  21  27
 45  32  46  32
 43  11  44  11
  5   5   6   5
 34  21  34  22
 48  50  48  51
  8  56   8  57
 62  24  62  25
 18  38  18  39
 43  18  44  18
 17  12  18  12
 35  20  35  21
 16  54  16  55
  1  13   2  13
 18  21  18  22
 59  21  59  22
 21  31  22  31
  6  22   6  23
 16  17  17  17
 32  57  32  58
 44   9  44  10
 26  11  27  11
 54  20  55  20
 60  53  60  54
 19  41  19  42
  5  61   5  62
 57  45  57  46
 10  20  10  21
 13  49  14  49
 38  31  39  31
  8  32   8  33
 60  40  61  40
 52  28  52  29
 59  19  59  20
  3  54   3  55
 42  50  42  51
 55  59  56  59
 33  57  34  57
  7   1   8   1
 40  50  40  51
 49  41  50  41
  5  58   6  58
 53  59  54  59
 10  35  11  35
 20  35  20  36
 61  29  62  29
 49  37  50  37
 36  22  36  23
 57  51  58  51
 52  20  53  20
 39  48  40  48
  4  61   5  61
  8  21   8  22
 33  22  34  22
 17  42  18  42
  7  33   7  34
 12  36  13  36
 16  30  17  30
 16  32  17  32
 24   7  24   8
 31   9  32   9
 54  26  54  27
  9  45   9  46
 34  28  35  28
 46  11  47  11
 16  56  16  57
 27   9  28   9
 15  20  15  21
 25  56  26  56
 27   9  27  10
 45  15  46  15
 35  45  35  46
 31  36  31  37
 58  40  58  41
 35  10  35  11
 27  32  28  32
 47  30  48  30
 15   0  16   0
  4   8   4   9
 31  56  31  57
 24  51  25  51
 18  43  18  44
 47  25  48  25
 60  53  61  53
 23  52  23  53
 11  59  12  59
 26  38  27  38
 59  31  59  32
 13  44  13  45
 54  49  54  50
 17  59  17  60
 27  19  28  19
  6  27   6  28
 36   6  37   6
 10  19  11  19
  5  57   5  58
  7  42   7  43
 57  39  58  39
 33   6  33   7
 29  17  29  18
 56  59  56  60
 15  35  15  36
 30  55  30  56
  8  20   8  21
 57  29  57  30
 16  60  17  60
 35  24  35  25
 29  48  30  48
 30  59  31  59
 23   8  23   9
 10  17  11  17
 50  40  51  40
  6  57   6  58
 28   0  29   0
 21  60  22  60
 52   4  52   5
 41  54  42  54
 50  45  50  46
 59  27  60  27
 62  17  62  18
 20  44  21  44
 17  18  18  18
 36  59  36  60
 28  36  29  36
 47   8  47   9
 12  53  13  53
 60  54  61  54
 10  26  10  27
 50  11  51  11
 48  56  49  56
