PATH 63 63
0 0
0 1
1 1
1 2
2 2
2 3
3 3
3 4
4 4
4 5
4 6
5 6
5 7
6 7
6 8
6 9
6 10
7 10
7 9
8 9
8 10
9 10
10 10
10 9
10 8
11 8
12 8
12 7
12 6
13 6
14 6
14 5
15 5
15 4
15 3
15 2
16 2
17 2
18 2
19 2
19 3
20 3
20 4
21 4
22 4
23 4
23 5
23 6
23 7
22 7
22 8
22 9
22 10
23 10
24 10
25 10
26 10
27 10
28 10
29 10
30 10
30 11
30 12
30 13
31 13
32 13
32 14
31 14
31 15
32 15
33 15
34 15
35 15
36 15
36 16
35 16
34 16
34 17
35 17
35 18
35 19
34 19
34 20
33 20
32 20
32 21
31 21
31 22
30 22
30 23
30 24
31 24
32 24
32 25
32 26
33 26
34 26
34 27
34 28
34 29
33 29
33 28
32 28
31 28
30 28
30 29
30 30
29 30
29 31
29 32
29 33
29 34
29 35
30 35
30 34
31 34
31 35
31 36
32 36
32 37
32 38
33 38
33 39
32 39
32 40
32 41
32 42
31 42
31 43
31 44
30 44
30 45
30 46
31 46
32 46
32 47
33 47
33 48
33 49
32 49
32 50
31 50
30 50
29 50
28 50
28 51
29 51
29 52
30 52
30 53
29 53
29 54
29 55
29 56
29 57
29 58
29 59
29 60
30 60
30 61
31 61
31 62
32 62
32 61
33 61
34 61
34 60
35 60
35 59
35 58
35 57
36 57
36 56
36 55
36 54
37 54
37 53
38 53
39 53
40 53
40 52
41 52
41 51
42 51
42 52
43 52
43 51
43 50
44 50
44 51
44 52
45 52
46 52
47 52
48 52
48 53
48 54
48 55
49 55
50 55
51 55
51 54
52 54
53 54
54 54
54 55
54 56
55 56
56 56
56 57
57 57
57 56
58 56
59 56
59 57
59 58
58 58
58 59
58 60
59 60
59 59
60 59
61 59
61 60
62 60
62 61
61 61
61 62
62 62
