MAZE 63 63
 35  55  35  56
 11  59  11  60
 26  60  26  61
 56  19  56  20
 41  53  42  53
 41  52  42  52
 59  17  60  17
 37  35  38  35
 30  59  31  59
 51  55  51  56
 60  15  60  16
 49  25  50  25
  4  12   5  12
 53  54  53  55
 37  22  37  23
  9  32   9  33
 24  45  24  46
  1  12   1  13
 24  13  24  14
 32  23  33  23
 22  26  22  27
 40  16  41  16
 40  49  40  50
 34  51  35  51
 38  34  39  34
 35  50  35  51
 60  26  61  26
  9   1   9   2
 45  26  46  26
 21  29  21  30
  5  56   5  57
 32  38  33  38
 51  46  52  46
 47  54  47  55
  3  20   4  20
 30   8  30   9
 44   5  45   5
  9  60  10  60
 36  52  37  52
 47  13  47  14
 38  60  38  61
 14  29  14  30
  8  58   8  59
 49  44  49  45
 46  31  47  31
  0  13   0  14
 56  10  57  10
 55   3  56   3
 15  38  16  38
 16   8  17   8
 42  53  43  53
  9  56   9  57
 44  61  45  61
 19  56  20  56
  9  49   9  50
  9  24  10  24
 44  37  45  37
 14  34  14  35
 31  24  32  24
 51   8  52   8
  5  58   5  59
 23  38  24  38
 32  22  32  23
  2   5   2   6
 27  45  28  45
 30  23  31  23
 56   4  57   4
 39  32  40  32
 45  22  45  23
 14   0  14   1
 38  23  39  23
 45  25  46  25
 28  28  29  28
 10  37  10  38
 44  53  44  54
 53  60  53  61
 61  46  62  46
 36  48  36  49
 53  33  53  34
  3  33   3  34
  6  32   7  32
 22  31  23  31
 23  43  24  43
 22  22  23  22
 41   0  42   0
 39  50  39  51
 52  32  53  32
 35  23  36  23
 30  46  30  47
 21   3  21   4
 42   0  42   1
 22  32  23  32
 25  34  26  34
 34  10  35  10
 54  61  54  62
 22  23  23  23
 35  51  36  51
 29  60  30  60
 45  60  45  61
 14  15  14  16
 11  48  12  48
 12  18  12  19
 46  41  47  41
 23  38  23  39
 58  31  58  32
 25  14  25  15
 58   4  58   5
 31  21  31  22
 60  20  61  20
 23   2  24   2
  1  26   1  27
 14  32  14  33
 52  22  53  22
 52  33  53  33
 20  58  21  58
  1  43   2  43
 17   6  17   7
  0  33   1  33
 57  35  57  36
 41  22  41  23
 25  49  26  49
 47  59  47  60
 17  11  17  12
 42  59  42  60
  3  32   3  33
  6   5   7   5
 54   9  54  10
 38   0  39   0
 11  52  12  52
 15  52  15  53
  5  37   6  37
 27  58  27  59
 27  34  27  35
 54  30  55  30
 10  37  11  37
  4  48   5  48
 44  58  45  58
 22  36  23  36
 56  52  57  52
 59  22  59  23
 14   9  14  10
 28   1  28   2
  1  62   2  62
  8   3   8   4
 29  42  30  42
 35  10  35  11
  9   3  10   3
 37   1  38   1
 56  15  56  16
 48  11  49  11
 54  54  54  55
 54  38  54  39
 57  10  58  10
 40  34  40  35
 50  34  51  34
 55  43  56  43
 46   9  47   9
 11  33  11  34
 25  26  26  26
  9  18  10  18
 48  41  49  41
 13  34  13  35
  6  45   7  45
 54  37  54  38
 13  25  13  26
  9  39  10  39
 56   6  56   7
 43  61  44  61
 36   8  36   9
 33  44  34  44
 34   4  34   5
 33  55  34  55
 21  28  22  28
 47  48  47  49
 50  32  50  33
 12  55  12  56
 17  13  18  13
 23  36  23  37
 55  27  55  28
 16  34  17  34
 15  33  15  34
 40  10  41  10
 24   2  24   3
 27  32  27  33
  7  20   8  20
  6  58   7  58
 51  62  52  62
 22   0  23   0
 32  17  33  17
 60  27  61  27
 43  32  44  32
 19   7  20   7
 24  44  25  44
  7  45   7  46
 43  38  43  39
 56  27  56  28
 41  38  41  39
 43  36  43  37
 44  26  44  27
 27  38  28  38
 10  22  11  22
 40  24  40  25
 14  31  15  31
 42  55  43  55
 56  31  56  32
 16  35  17  35
 34   8  34   9
 16   8  16   9
 32  39  32  40
 39   5  39   6
 51  53  51  54
 47  23  48  23
 50  23  50  24
  8  33   8  34
 44  32  44  33
 41  32  41  33
 58  33  58  34
 27   8  28   8
 48  55  49  55
 26  18  26  19
 31  54  31  55
  1  45   2  45
 34  11  34  12
  1  10   1  11
  3   4   4   4
 58  26  59  26
 34  23  34  24
  8  35   8  36
 32  40  33  40
 51  42  51  43
 38   5  38   6
 27   2  28   2
 52  59  53  59
 33  36  34  36
 16  13  17  13
 50  45  50  46
 26  33  26  34
 47   5  48   5
 35  35  36  35
 54  28  55  28
 52  47  53  47
 56   1  57   1
  5  27   6  27
 39  25  39  26
 40  10  40  11
 27  48  28  48
 13  47  13  48
 30   3  31   3
 37  10  37  11
 27  50  28  50
 41  25  41  26
 62  50  62  51
 46  27  46  28
 51  34  52  34
 36   1  36   2
 24  22  25  22
 13  55  13  56
 30   7  30   8
 41  50  41  51
 42  50  43  50
  7  37   7  38
 21  32  22  32
 42  21  43  21
 12  34  12  35
 18  19  19  19
  4   7   5   7
 19  17  19  18
 39  53  39  54
  8   8   9   8
 57  12  57  13
  3  44   3  45
 11  34  11  35
 49  19  50  19
 41  51  41  52
 51  52  52  52
 55   0  55   1
 41  24  41  25
 41  57  42  57
 39  61  40  61
 37  53  38  53
 26  19  26  20
  4  25   4  26
 13  19  14  19
 26  55  27  55
 47  57  48  57
  8   1   8   2
 47  33  47  34
 54   2  55   2
 42  24  43  24
  9  34   9  35
 40  57  40  58
 19  11  20  11
  9   0   9   1
 52  38  53  38
 10  36  11  36
 38  50  38  51
 51  38  52  38
 29  61  30  61
 14  12  15  12
 25  40  26  40
 51   3  52   3
 12   2  13   2
 38  52  39  52
 32  28  32  29
 61  22  61  23
 13   6  14   6
 54  41  55  41
 32  61  33  61
 33  46  33  47
 54  34  54  35
  5   3   6   3
 31  57  31  58
 24   3  24   4
 52  42  53  42
  6  13   6  14
 15   3  16   3
 28   4  28   5
 24  20  24  21
 16  19  17  19
 52  35  53  35
 36   7  37   7
 38  45  39  45
 52  53  52  54
 39  24  40  24
 50  46  51  46
 43  33  43  34
 20  56  20  57
  0  14   0  15
  2  33   3  33
 27  54  28  54
 34  57  34  58
 21  15  21  16
 40  50  40  51
  1  41   1  42
 13  39  13  40
 31  41  32  41
 12  13  12  14
  3  43   3  44
  3  35   3  36
 38  41  38  42
  2  27   2  28
 20   4  21   4
 50  50  50  51
 41  28  42  28
 42  49  42  50
 33  52  33  53
 19  19  19  20
 52  36  53  36
 38  37  39  37
 41  30  41  31
 24   8  25   8
 51  39  51  40
 34  26  35  26
 10  50  11  50
 21  47  22  47
 50  61  51  61
 26  32  26  33
 46  15  46  16
 31   1  32   1
 57  27  57  28
 26  54  27  54
 39  33  40  33
 50  17  50  18
 55  29  56  29
 52  25  52  26
 31  43  32  43
 59  53  59  54
 62   7  62   8
 36  35  37  35
  3   7   4   7
 60  57  61  57
 14   6  14   7
 21  41  21  42
 47   8  48   8
 25  43  26  43
 46  52  47  52
 21   8  21   9
 52  26  53  26
 11  62  12  62
 62  10  62  11
 13  15  14  15
 23  23  23  24
 29   3  29   4
 60  36  61  36
 23  34  23  35
 27  49  28  49
 34  10  34  11
  1  15   2  15
  7  50   8  50
 50   5  50   6
 15  31  15  32
 21  43  21  44
 13  54  14  54
 36  24  37  24
 59  27  59  28
 58  60  58  61
 20   6  20   7
 40  18  40  19
 40  23  40  24
  7  10   7  11
 10  48  11  48
 14  23  14  24
 15  21  15  22
 35   3  36   3
 56  48  56  49
 51  11  52  11
 41  21  42  21
  3  40   4  40
 40  52  40  53
 30  53  30  54
 38  57  39  57
 12  39  12  40
 44  23  44  24
  5  31   5  32
 11  18  12  18
 25  22  25  23
 52   0  52   1
 25  44  26  44
 56  13  56  14
 17   1  17   2
 30  60  30  61
  4  37   4  38
 26   3  26   4
 40  29  40  30
 30   1  31   1
 29  47  29  48
 27  11  28  11
 38   4  39   4
  9  31  10  31
 35  49  35  50
 36  52  36  53
 53  27  54  27
  6  34   6  35
 11  15  12  15
 48   5  48   6
 29  31  30  31
  6  55   7  55
 44  21  44  22
  7  39   8  39
 14  26  14  27
 55  18  55  19
 30  22  31  22
  9   2   9   3
 52  38  52  39
 48  21  49  21
  5  37   5  38
 60   2  60   3
  2  57   2  58
 10  42  11  42
 42  39  43  39
 19  19  20  19
 35  57  35  58
 29  55  30  55
 21  37  21  38
 53  42  54  42
 39  23  40  23
 31  31  32  31
 26  26  26  27
 32   3  32   4
 40  37  41  37
 60  31  60  32
 47  49  47  50
 20  14  21  14
  7  24   7  25
 35   8  36   8
 53  46  53  47
 26  41  26  42
  4   2   4   3
 28  51  29  51
 11   8  12   8
 27  29  28  29
 61  34  62  34
 28  30  29  30
 56  22  56  23
 28   1  29   1
 18  15  18  16
 48  18  49  18
 20  35  21  35
 27  58  28  58
 11  11  12  11
  8  19   8  20
  7   8   8   8
 12  35  13  35
 39  60  40  60
  5   0   6   0
 45  13  45  14
  1  39   1  40
  3  10   3  11
 24  55  24  56
 23  46  24  46
  9  50   9  51
 33  29  34  29
 20  42  20  43
 10  39  10  40
 42   7  42   8
 25  41  26  41
 34  57  35  57
 30   2  30   3
 13  17  13  18
 32  48  33  48
 54  30  54  31
  7   7   8   7
 41  46  42  46
 47  21  47  22
 42  60  42  61
 53  25  54  25
 29  50  29  51
 19  42  19  43
 28  22  28  23
 55   8  56   8
 20   2  20   3
 57  39  58  39
 48  46  49  46
 28  49  28  50
 10  29  10  30
  1  22   2  22
  8  30   9  30
  1  42   1  43
 49  30  49  31
  3  50   3  51
 21  25  21  26
  2  13   2  14
 13  30  14  30
 53  10  53  11
 48   8  48   9
 34  41  34  42
 37  33  37  34
 55   5  56   5
 23   8  23   9
  7  25   8  25
 33  60  34  60
 53  32  53  33
 37  62  38  62
 57  25  57  26
 12  41  13  41
 54  32  55  32
 24  35  24  36
 48  20  48  21
 20  14  20  15
 42  13  43  13
 50  11  50  12
 10  39  11  39
 44  51  44  52
 29  48  30  48
 12  29  12  30
 36  54  36  55
 52   7  53   7
 59  21  59  22
  5  20   6  20
 24  39  24  40
 30  35  30  36
 43  45  44  45
 18  35  18  36
 37  49  37  50
 49  48  49  49
  6   0   7   0
 37  20  38  20
 20  48  20  49
 53  23  53  24
  1  40   1  41
 28  36  29  36
 21  30  22  30
 48  16  49  16
  2  37   3  37
  6   3   6   4
 41  16  42  16
 41  47  42  47
 46  35  47  35
 50  41  51  41
 17  31  17  32
 38  14  39  14
 57  54  58  54
 13  21  13  22
 31  48  31  49
 40  53  41  53
 49  49  49  50
  9  61   9  62
 33   8  33   9
 18   9  18  10
  4  21   4  22
 50  11  51  11
 31   8  31   9
 16  25  17  25
 32  52  32  53
  3  56   3  57
 22  42  23  42
 28  12  29  12
 12   3  13   3
 26   6  26   7
 50  45  51  45
 46  43  47  43
 24  48  24  49
 39  43  39  44
 58  21  59  21
 32  57  32  58
 36  11  36  12
 58  25  58  26
 43  50  44  50
 60   7  61   7
 54  16  54  17
 35  46  35  47
 37   2  37   3
 37  51  38  51
 52  41  53  41
 10  10  10  11
 12  17  13  17
 16  51  17  51
 52   7  52   8
 29  40  30  40
 62  57  62  58
 15  41  15  42
  5  19   6  19
 33  45  34  45
 47  29  47  30
  6   7   7   7
 53  19  54  19
 49  42  49  43
 30  13  31  13
 26  44  27  44
 25   8  26   8
 39  44  40  44
 29  22  29  23
 33  11  34  11
 48   0  49   0
  4  23   5  23
 14   8  15   8
  8  52   8  53
  3  52   4  52
 54  22  54  23
 55  53  56  53
  5   4   5   5
 52  20  53  20
 56  49  56  50
 39   5  40   5
  0  18   0  19
 41  21  41  22
 31  24  31  25
 22   6  22   7
 24  33  24  34
 58  38  59  38
 33  58  33  59
 29  32  29  33
 26  42  26  43
 36  14  37  14
 36  31  36  32
 57  52  58  52
 23  49  24  49
 58  11  58  12
 26  24  27  24
  1  36   1  37
 42  51  43  51
 10   5  10   6
 31   0  32   0
  9  31   9  32
 37  30  37  31
 39  15  40  15
 24  25  25  25
 57  41  58  41
 13  23  13  24
  6  27   7  27
 24  58  25  58
 28  36  28  37
 59  38  59  39
 37  15  37  16
 22  10  22  11
 35  34  36  34
 22  44  23  44
 33  52  34  52
 29  36  30  36
 47  16  47  17
 33   1  34   1
 36  41  37  41
 37   5  38   5
 34  50  35  50
 21  39  21  40
 38   7  39   7
 56  10  56  11
 37  17  38  17
  7  17   8  17
 14  19  15  19
 35  58  36  58
 35  39  36  39
 12   7  12   8
  2  23   3  23
 46  33  47  33
 38  46  38  47
 40  51  41  51
 44  20  44  21
 43  23  44  23
 33  49  33  50
  2   7   3   7
 49  58  49  59
 31  13  32  13
 36   6  37   6
 21  28  21  29
 18  18  18  19
  9  33  10  33
 42  48  43  48
 38  26  39  26
  1  22   1  23
  1  31   2  31
 18  54  18  55
 33  51  34  51
 47  17  48  17
 61  39  61  40
 12  38  13  38
 28  55  29  55
 34  33  34  34
 53  57  54  57
 31  22  32  22
 43   8  43   9
 16   4  16   5
 42  54  42  55
  4  35   5  35
 57  22  58  22
 33  37  34  37
  0  48   0  49
  7  51   8  51
 32   0  33   0
 52  14  53  14
 20  47  21  47
 16  10  16  11
 59  12  59  13
 61  30  61  31
 44  43  45  43
  9   1  10   1
 17  17  17  18
 49  52  50  52
 20  57  21  57
 57  41  57  42
 43   2  43   3
  3  12   3  13
 56   7  57   7
 10  62  11  62
 13  32  14  32
 14  25  15  25
  0  30   1  30
  3  42   4  42
 60  16  60  17
 45  45  45  46
 24  24  25  24
  1  50   2  50
 57  30  58  30
 18   7  19   7
 37  14  38  14
  2  52   3  52
 31  12  31  13
 54  45  55  45
  6  14   6  15
 33  49  34  49
 40  13  41  13
 44   3  44   4
 54  35  54  36
  5  42   6  42
 15  40  16  40
 18   6  18   7
 56  32  57  32
 28  60  28  61
 33  11  33  12
 22  47  22  48
 52   4  52   5
 54  46  55  46
 37  39  38  39
 26   9  27   9
 14  16  14  17
 30  36  31  36
 53  53  53  54
 39   0  40   0
 30  27  31  27
 38  16  39  16
  6  57   6  58
 20  15  20  16
 37  31  37  32
 53  38  54  38
 28  29  28  30
 32   1  32   2
 36  30  37  30
 32  54  33  54
 49   5  49   6
  6  23   7  23
 57  23  58  23
 35  47  36  47
  1  59   1  60
  5  36   5  37
 29   5  29   6
 49  10  50  10
  9  15  10  15
 29  17  29  18
  4  43   4  44
 17  56  18  56
 19  40  19  41
 17  36  18  36
 18  42  18  43
 34  33  35  33
 34  39  34  40
 42  36  42  37
 57  50  57  51
 38  47  39  47
 35  19  36  19
 25  25  26  25
 24  12  24  13
 27   5  28   5
  4  42   5  42
 44  14  44  15
 26  10  27  10
 47  38  48  38
  8  24   9  24
 40  61  41  61
 59  62  60  62
 32  12  32  13
 55  13  55  14
 23  13  24  13
 51  46  51  47
 47   2  48   2
 28  35  29  35
 47  31  47  32
 60   4  61   4
 23  18  23  19
 50  44  51  44
 29  56  30  56
  7  61   8  61
 38  55  39  55
 58  16  59  16
 20  29  20  30
 42  34  42  35
  8  22   8  23
 39  24  39  25
 51  10  52  10
 57  16  58  16
 59  48  60  48
  3  61   4  61
 16  22  17  22
 30  24  30  25
 33  33  34  33
 55  12  55  13
 48  38  48  39
 12  33  12  34
 27  55  27  56
 35  42  35  43
 38  42  38  43
 52   8  53   8
 29  21  30  21
  6  53   6  54
 57  38  58  38
 10  51  10  52
  2  58   3  58
 27   3  28   3
 15  32  15  33
 21   2  21   3
 21  19  21  20
 61  47  62  47
 59  52  60  52
 15  28  16  28
  7  48   7  49
 43  58  44  58
 27  62  28  62
 30  60  31  60
 13  52  14  52
 36  40  36  41
  8  40   8  41
 48  11  48  12
 11  46  11  47
 58  58  58  59
  2  41   3  41
 22  42  22  43
 22  61  22  62
 32   8  33   8
 60  49  61  49
 45  56  46  56
 47  42  47  43
 46  56  46  57
 18  16  18  17
 40  40  41  40
 54  18  55  18
 19  48  20  48
 33   7  34   7
 12  20  12  21
 39  39  39  40
 44  17  44  18
 48  60  49  60
 28  56  29  56
 42  40  43  40
 55  32  56  32
 24  47  25  47
 40  48  40  49
 29   2  30   2
  4  61   5  61
 22  29  23  29
 58  53  58  54
 43  41  43  42
 36  50  36  51
 53   4  53   5
 57   6  58   6
 56  60  57  60
 58  20  58  21
 34  52  34  53
 39  45  40  45
 33  48  33  49
 44  48  45  48
  9  27  10  27
 29  32  30  32
 30  25  30  26
 16  24  16  25
 52   9  52  10
 37  29  38  29
 41  12  42  12
  4  52   4  53
 57  59  57  60
 17  19  17  20
 16  12  16  13
 48  26  48  27
 15  46  15  47
 53  61  53  62
  5  44   5  45
 48  23  48  24
 16  16  16  17
 27  40  27  41
  5  15   5  16
  2  22   3  22
 26  56  26  57
 14   2  15   2
  8  21   9  21
 14  42  14  43
 17  56  17  57
 55  43  55  44
 49  22  49  23
 34  35  34  36
 51   5  51   6
 42  35  43  35
 43  59  44  59
  3  28   3  29
 55  16  56  16
 37  61  38  61
  9  55   9  56
 26  50  27  50
 54  12  55  12
 11  14  12  14
 31  54  32  54
 49   2  50   2
  4  16   4  17
 12  56  12  57
 58  57  58  58
 44  35  45  35
 41  13  41  14
 21  48  22  48
 58  18  59  18
 23   0  24   0
  4  44   5  44
  1  60   2  60
  1  19   2  19
 11   9  12   9
  5  51   5  52
 49  12  50  12
  6  37   6  38
 29  51  30  51
  7  11   7  12
 13   8  14   8
 49  21  49  22
 14  47  15  47
 15  22  16  22
 53  25  53  26
 30  32  31  32
 41  25  42  25
 40  22  40  23
 31  17  31  18
 39  17  39  18
 22  43  23  43
 41  12  41  13
 53   1  54   1
  9  57   9  58
 59  31  59  32
 36  59  36  60
 61  40  61  41
 54   8  54   9
 56  41  56  42
  0  36   1  36
 51  32  52  32
 28  13  29  13
  4   2   5   2
 39  52  40  52
 51   4  51   5
 28  42  28  43
 45  17  46  17
 13  55  14  55
  5  32   5  33
 21  36  21  37
 10  16  10  17
  8  42   9  42
 50   6  51   6
 59  59  60  59
 38  27  39  27
 34  49  35  49
 24  11  24  12
 20  28  20  29
 34  47  34  48
  7   2   7   3
 24  51  24  52
 22  59  23  59
 56  47  56  48
 32  55  33  55
  7  33   8  33
 32  47  32  48
 16  30  16  31
 59  21  60  21
 30  39  31  39
  5  46   5  47
 39  20  39  21
 57  60  57  61
 59  58  60  58
 21  17  22  17
 44  54  44  55
 36  34  36  35
 49  26  50  26
 50  43  50  44
 15  16  16  16
 14  41  15  41
 39  16  39  17
 58   5  59   5
 41  48  42  48
 59  31  60  31
  9  47   9  48
 60  45  61  45
 56   8  57   8
 32  51  32  52
 10  44  11  44
  8  41   9  41
  3  49   4  49
 23  19  24  19
 41  29  41  30
 46  20  47  20
 13   4  13   5
 61  27  62  27
  3  16   3  17
 25  11  25  12
 30  26  30  27
 19  35  19  36
 60   3  60   4
  6  39   6  40
  0  51   1  51
 32  43  33  43
 36   1  37   1
 13  44  14  44
 49  21  50  21
 26   1  27   1
  3  28   4  28
 51  24  51  25
 58  47  59  47
 48  32  49  32
 58  59  59  59
 58  56  58  57
 48  30  49  30
  7   5   7   6
  6  13   7  13
 27  26  28  26
 51  60  51  61
 34  38  34  39
 23  60  24  60
 32  25  33  25
 26  21  26  22
 16   4  17   4
  8  49   9  49
 25   2  25   3
 27  50  27  51
 40  11  40  12
 50  54  50  55
 18  53  18  54
  1  29   1  30
  6   6   7   6
 34  16  35  16
 24  53  25  53
  3  29   3  30
 38  15  39  15
 24  34  25  34
  2  14   3  14
 53   8  53   9
 34  19  34  20
 13  25  14  25
 16  43  16  44
 33  19  33  20
  3   0   3   1
 37  34  38  34
 13  33  14  33
 34   2  34   3
  6  43   6  44
 26  25  27  25
 58  17  59  17
  6   1   6   2
 37  19  37  20
 61  10  61  11
  1  52   2  52
  3  57   4  57
 37  58  38  58
 39   2  40   2
 33  56  33  57
 55  57  55  58
 45  51  46  51
 33   9  33  10
 37  44  38  44
 34  28  34  29
 39  23  39  24
 50   7  50   8
 57  28  57  29
 20  54  20  55
 26  51  27  51
 36  37  36  38
 43  39  44  39
 30  39  30  40
  5  44   6  44
 42  43  42  44
 26  46  26  47
 30  56  31  56
 30  20  31  20
  8  14   8  15
 32  46  33  46
 11  25  11  26
 33   0  34   0
 55  44  55  45
 28  18  28  19
  5  22   6  22
 14  22  14  23
 13  27  13  28
  4   5   4   6
  9  20  10  20
  9  14   9  15
 38  17  38  18
 39  21  40  21
 28  24  29  24
  6  60   6  61
 13  12  13  13
 46  23  47  23
 20  57  20  58
 52  51  52  52
  4  27   5  27
  6  30   7  30
 14   9  15   9
 46  56  47  56
 52  15  53  15
 50  57  51  57
 23  59  24  59
 21  33  22  33
  7  35   8  35
 49  48  50  48
 14  56  15  56
 31  50  32  50
 10  58  11  58
 50  20  50  21
 48  53  48  54
  3  50   4  50
  2   5   3   5
 22  45  22  46
 20  17  21  17
 21  50  21  51
 61  38  62  38
 33  42  33  43
 28  43  28  44
 55  48  56  48
 44  10  44  11
 46  18  46  19
 14  17  15  17
 37  53  37  54
 35  53  35  54
 26  45  26  46
 56  45  56  46
 36  43  37  43
 57  30  57  31
 39  21  39  22
 61  11  62  11
 52  44  52  45
 17  46  17  47
 10  43  11  43
 31   6  31   7
 29  53  30  53
 21  58  22  58
 32  13  32  14
 48  35  49  35
  1  55   1  56
  9  44  10  44
 49  29  50  29
 48  33  49  33
 59  39  60  39
 49  61  50  61
 34   6  34   7
 41  46  41  47
 36  49  37  49
 51   2  51   3
 58  11  59  11
  4  53   4  54
  6  57   7  57
 12  55  13  55
 35  14  35  15
 22  51  23  51
  4  58   5  58
 50  26  50  27
 61  32  62  32
 28  54  29  54
 35  42  36  42
 45   3  45   4
 51  58  52  58
 52  49  53  49
  8  16   9  16
 39  37  39  38
 35  59  35  60
 37  21  37  22
 14  38  15  38
 59  40  59  41
 55  14  55  15
 28  40  28  41
 11  41  11  42
 55   9  55  10
  1  21   1  22
 27  32  28  32
 28  48  29  48
 30   1  30   2
  2   9   2  10
 34  48  34  49
 39  29  39  30
  1  19   1  20
 15   9  15  10
 42  37  42  38
 55   2  56   2
 51  34  51  35
 14  41  14  42
 19  56  19  57
 51   0  51   1
 38   3  39   3
 59  51  60  51
  0  36   0  37
 47  51  48  51
 54   5  55   5
 48  48  49  48
 32   2  32   3
 31  35  32  35
 24  51  25  51
  8  57   8  58
  0  28   1  28
  5  20   5  21
 26  31  26  32
 32  27  33  27
 57  46  58  46
 19  32  19  33
  7  61   7  62
 12  54  12  55
 59   8  59   9
 45  60  46  60
 50  30  50  31
  8  34   9  34
 57  10  57  11
 61  29  61  30
 18  62  19  62
 45  59  46  59
 10   6  11   6
 47   0  48   0
 61  24  61  25
 46  49  46  50
 59  28  59  29
 54  47  54  48
 55  40  55  41
 30  16  30  17
 17  17  18  17
 37  40  38  40
  7  48   8  48
 43  17  44  17
  8   5   8   6
  2   8   3   8
 47  54  48  54
 10  19  11  19
 18  45  18  46
 42  46  43  46
 35   6  35   7
 39  28  39  29
 32  56  32  57
  0  34   0  35
 21  50  22  50
 18  12  19  12
 32  28  33  28
 29   9  29  10
  1  45   1  46
 45   3  46   3
 46  28  47  28
 42  55  42  56
  8  10   8  11
 20   8  20   9
 30   5  30   6
  0  43   0  44
 19  59  19  60
 37  18  38  18
 23   1  24   1
 52  27  53  27
 25  55  25  56
 57  33  57  34
 22  11  23  11
 14  54  14  55
 56  20  56  21
 17  54  18  54
 24  32  24  33
 56  59  57  59
 27  15  27  16
 60   9  60  10
 39  49  39  50
 15  11  15  12
 19  39  20  39
 51   7  52   7
 10  53  11  53
 30   9  30  10
 45  51  45  52
  4  40   4  41
 18  39  19  39
 18  34  18  35
 55  28  56  28
 56  46  57  46
 11   6  12   6
 25  35  25  36
  6  29   6  30
 22  17  23  17
  4  14   4  15
 41   7  41   8
 12   5  12   6
 60  58  60  59
 50  40  50  41
 21  43  22  43
 25  36  26  36
 20  27  20  28
 17  47  18  47
 12  10  13  10
 27   9  27  10
 24  60  24  61
 45  46  46  46
 61  41  62  41
 29  45  29  46
 52  57  52  58
 39  19  40  19
 16  23  16  24
  7  54   8  54
 62  13  62  14
  5  35   5  36
 57   4  57   5
 45  37  46  37
 25  21  26  21
 25  50  25  51
 11  12  11  13
 54  17  54  18
 23  29  23  30
 55  37  55  38
  7  32   7  33
 33  42  34  42
 55  52  56  52
 25   4  25   5
 61   9  62   9
 10  57  11  57
 51  15  51  16
 32  29  33  29
 49   0  50   0
 45  28  45  29
 23  41  23  42
 12  43  13  43
 41  58  41  59
 47  50  48  50
  3  36   4  36
 12  44  12  45
 62  40  62  41
 61  27  61  28
 28  52  28  53
 28  38  28  39
 27   5  27   6
 42  40  42  41
 26  48  26  49
 29  57  29  58
 49  14  50  14
 59  12  60  12
 42  15  43  15
 53   0  54   0
  3  17   4  17
 15  57  15  58
 56  11  57  11
  2  12   2  13
 13  50  13  51
 14  51  15  51
 16  54  17  54
 43   1  44   1
  5  14   5  15
 46  38  47  38
 52  29  52  30
 17  50  18  50
 36   6  36   7
 13  26  13  27
 24  40  25  40
 43   5  44   5
 39  54  40  54
 45  31  46  31
 56  62  57  62
 43  25  44  25
 13  61  13  62
 49  20  50  20
 59   9  59  10
 17  24  17  25
 38  59  38  60
 17  43  17  44
 13  42  13  43
 39  28  40  28
 34  17  35  17
 57  32  57  33
 39  38  40  38
 50  12  50  13
  2  38   2  39
 54  19  55  19
 11   7  12   7
 21  40  22  40
  4  21   5  21
 34  17  34  18
 16  45  16  46
 14  47  14  48
 21  25  22  25
 59   2  59   3
 47  37  48  37
 12  54  13  54
  9   8   9   9
 21   5  22   5
 40  14  40  15
  6  42   6  43
 61  22  62  22
 19  18  20  18
 30  17  30  18
 17  10  17  11
 15  38  15  39
 21  53  21  54
 25  30  25  31
 41  45  42  45
 20  43  20  44
 61  60  62  60
 40  44  41  44
 51  44  51  45
 19   6  20   6
  9   6  10   6
 47  61  48  61
 13  40  13  41
 61  61  62  61
 18  20  18  21
 11  12  12  12
 22   8  22   9
 41   1  42   1
 28   9  28  10
 10  52  10  53
  6  18   6  19
 59  34  59  35
 43   6  44   6
 49  16  49  17
 41  19  41  20
 16  43  17  43
 51  41  52  41
 61  55  62  55
 46  26  47  26
  1  36   2  36
 46   4  47   4
  3   3   4   3
 14   7  15   7
 20  31  20  32
 47  44  48  44
  5   5   5   6
 27  20  28  20
 50  51  50  52
 10  14  10  15
 20   1  20   2
 59  14  60  14
 19   8  19   9
 59  49  59  50
 50  22  50  23
  0  30   0  31
 35  56  35  57
 31  37  31  38
 13  11  13  12
 11  54  12  54
 38  23  38  24
 59  43  59  44
  3  58   3  59
 53   6  53   7
 60  24  61  24
  8  55   8  56
 47  30  48  30
 42  33  42  34
 57   6  57   7
 22   9  22  10
 32  50  33  50
 31  41  31  42
  5  55   6  55
 52  47  52  48
 46  49  47  49
 11  28  11  29
 45  23  45  24
 36  20  36  21
  1   2   2   2
 10  21  10  22
 23  62  24  62
 55  12  56  12
 35  61  35  62
  5  33   6  33
  9  36   9  37
 22   7  22   8
 50  49  51  49
 43  55  43  56
 31  37  32  37
 19  24  19  25
 14   1  14   2
 47  26  47  27
 19  13  19  14
 41  57  41  58
  3  56   4  56
  4  57   5  57
 40  59  41  59
 16  53  17  53
 28  10  29  10
  5  28   5  29
 19   4  19   5
 31  26  32  26
 61   3  62   3
 60  58  61  58
 16  38  16  39
 54   6  55   6
 55  10  56  10
 44  43  44  44
 57  12  58  12
 51  14  51  15
 52  16  53  16
 36  26  36  27
 42  31  43  31
 44  25  45  25
 45  16  45  17
 16  20  17  20
 39  34  40  34
  9   0  10   0
 27  12  28  12
 41  35  42  35
 60  47  60  48
  5  29   6  29
 18  59  18  60
  2  27   3  27
 25  17  25  18
  9  46  10  46
 47  59  48  59
 26  61  26  62
 57  29  58  29
 47  48  48  48
 43   3  44   3
  9  22   9  23
 40  42  40  43
 35  24  36  24
 46  15  47  15
 23  61  24  61
 11   4  12   4
 57   3  58   3
 53   3  54   3
  5  26   5  27
 42  60  43  60
 14   1  15   1
 33  61  33  62
 54  45  54  46
 44   9  44  10
 14  39  14  40
 35  36  35  37
 28  16  29  16
 11  35  11  36
 36  21  37  21
 21  14  22  14
 53  41  53  42
  1  40   2  40
 13  59  13  60
 43  10  43  11
  8  21   8  22
  4  16   5  16
 29   2  29   3
 34  47  35  47
 25  59  25  60
 62  48  62  49
 10  56  11  56
 19  57  19  58
 56  21  56  22
 47  19  47  20
 55  51  55  52
 62  35  62  36
 56  39  57  39
 46  38  46  39
 43  34  43  35
 54  11  55  11
 12  42  13  42
 29  57  30  57
 43   5  43   6
 44   0  45   0
 53  18  54  18
 38  29  39  29
 59  39  59  40
 51  21  51  22
 37  43  38  43
 21   9  22   9
 57  36  57  37
 21  19  22  19
  9  59  10  59
 60  13  60  14
 11   4  11   5
 12  59  12  60
 10  61  10  62
 27  17  27  18
 30  29  31  29
 50  37  50  38
  1  58   2  58
  5  38   5  39
 19  27  20  27
 55  39  55  40
 58  41  58  42
  1  11   1  12
 45  61  46  61
 39  26  39  27
  6   2   7   2
  0  41   1  41
 16  12  17  12
 34  18  34  19
 29  14  30  14
 19  11  19  12
 37  25  37  26
  7  51   7  52
 25  18  25  19
 29  30  30  30
 60  42  60  43
 54  51  54  52
 44  42  45  42
 50  42  50  43
  9  54   9  55
 33  15  33  16
  2  60   3  60
 36  12  37  12
 16  55  17  55
 24  25  24  26
 24  28  25  28
 35  44  35  45
 39   6  40   6
 23   7  24   7
 53  43  54  43
  3  12   4  12
 20  32  20  33
 56  37  57  37
  4  43   5  43
 23  18  24  18
 38  30  39  30
  5  29   5  30
 54   8  55   8
 26  13  26  14
 33  26  34  26
 39  51  39  52
 48  54  48  55
 17   2  18   2
 43  24  43  25
 55   6  56   6
  9  15   9  16
 14  49  15  49
 18   2  18   3
 44  13  44  14
 45  20  45  21
 43  55  44  55
 42  59  43  59
 45  17  45  18
 50  56  51  56
 20  50  20  51
 12  45  13  45
  0  61   1  61
 29  27  30  27
  6  24   7  24
 32   4  32   5
 12  61  13  61
 46   2  47   2
  5  53   6  53
 28   0  28   1
 58  28  59  28
  2  34   3  34
 27  47  28  47
 13  29  13  30
 22  53  23  53
 52  48  53  48
 45   9  45  10
 52  58  52  59
 43  42  44  42
 35  16  36  16
 40  32  41  32
  7  13   7  14
 43  16  44  16
 47  55  48  55
 49   5  50   5
 46  50  46  51
 59  55  59  56
 11  24  11  25
 43   9  44   9
  3  48   4  48
 34   8  35   8
 26   7  27   7
 60  35  61  35
 56   0  56   1
  0  21   1  21
 29  33  30  33
 61  23  61  24
 11  37  12  37
 52  19  52  20
 43  20  44  20
 20  51  21  51
  9  28   9  29
 22  41  22  42
 14  23  15  23
 43  53  43  54
 33  13  33  14
 53  17  54  17
 29  58  29  59
 32  26  33  26
 53  32  54  32
  1  60   1  61
  6  48   6  49
 23  50  24  50
 33  34  33  35
 15  10  15  11
 59  29  60  29
 33  18  33  19
  9  22  10  22
 17  59  18  59
 33   3  33   4
 47   7  47   8
 53  56  53  57
 30  45  31  45
 50  31  51  31
 23   1  23   2
 46  17  46  18
  1  14   1  15
  1  37   1  38
 27   7  28   7
  6   3   7   3
 51  10  51  11
 26  29  27  29
 36  55  36  56
 19  21  19  22
 19  30  19  31
  5  46   6  46
 22  50  23  50
 42  19  42  20
 34  54  35  54
 16  42  17  42
  9  54  10  54
 55  47  56  47
 38  10  38  11
 51  43  52  43
 16  51  16  52
 52  30  52  31
 44  22  45  22
  2  11   2  12
 47  32  48  32
 25  61  26  61
 46  62  47  62
  8  31   9  31
 33  50  33  51
 12   0  12   1
 57   4  58   4
 49  27  49  28
 47  39  47  40
 25  23  26  23
 17   8  18   8
 29  45  30  45
 52  56  53  56
 14  31  14  32
 47  51  47  52
 20  38  21  38
 35  28  36  28
 41  47  41  48
 19  24  20  24
  1  13   2  13
 22   4  22   5
 33  47  33  48
 20  59  20  60
 18  33  19  33
 37   9  37  10
 17  47  17  48
 23   9  23  10
 47  41  48  41
 40  12  41  12
 22   3  23   3
 25  20  26  20
 32   5  32   6
 34  31  35  31
 58   7  58   8
 28  21  29  21
 58  22  58  23
 19  15  19  16
 22  25  22  26
 40  33  41  33
 31  55  31  56
 58   9  59   9
 15  47  16  47
 44  16  45  16
 57  49  58  49
 33  31  34  31
 54  53  55  53
 25  29  26  29
 46   3  47   3
  7  29   8  29
 61  12  61  13
 58  17  58  18
 34  14  34  15
 32  61  32  62
 19   9  19  10
  8   9   8  10
 58  58  59  58
 37  48  37  49
 42  16  42  17
 21  11  22  11
  6  19   7  19
 28  42  29  42
 38  36  39  36
 35  12  35  13
 36  15  36  16
 54  20  55  20
 26   2  26   3
 38  12  38  13
 36  61  36  62
 53  34  53  35
 12   4  12   5
 24  27  25  27
 45  18  45  19
 54  14  54  15
  7  43   7  44
 54   0  55   0
 52   3  53   3
 28  40  29  40
 37   5  37   6
 41   6  42   6
 55  57  56  57
 32  19  32  20
 48  26  49  26
 29  36  29  37
 12  32  12  33
 19   3  20   3
 44  56  45  56
 29  41  29  42
 14  10  14  11
 27  53  28  53
  5  25   5  26
  4   1   5   1
 10  54  10  55
 60  38  60  39
 60  14  60  15
  2  59   3  59
 44  56  44  57
 16  41  17  41
  8  11   8  12
 52  17  52  18
 31  44  31  45
 45   5  45   6
 26  23  26  24
 61  43  62  43
 38   2  39   2
 48  36  49  36
  2  35   2  36
 23  55  24  55
 34  36  35  36
 58  48  59  48
 21  30  21  31
 48  59  48  60
 41  36  41  37
 21   4  22   4
 54  49  54  50
 10  26  11  26
 18  28  19  28
 57   2  58   2
 45  35  46  35
 48  61  48  62
 50  14  50  15
  5  15   6  15
 27  59  28  59
 17  55  17  56
 40  45  40  46
 36  58  37  58
  9  26   9  27
 30  28  31  28
 58  39  58  40
  1   9   1  10
 16  16  17  16
 44  31  44  32
  0  47   0  48
 57  55  58  55
  4  13   4  14
 54  25  54  26
  7   4   8   4
 35  30  35  31
 10  32  10  33
 29  29  30  29
 56  43  56  44
 47  52  48  52
 16  33  17  33
 62  14  62  15
  6  55   6  56
 21  60  22  60
 35  21  35  22
 44  44  45  44
  2  30   2  31
 58  42  59  42
 23  16  24  16
 31  20  32  20
 24   1  24   2
 50   0  50   1
 14   7  14   8
 57  48  58  48
 49  14  49  15
 14  13  15  13
  8   6   9   6
 36  44  37  44
  3   8   3   9
 46  37  46  38
 52  23  53  23
 28  59  29  59
 22  55  23  55
 44  47  45  47
 51  36  52  36
 29  46  29  47
  2  12   3  12
 55  56  55  57
 20  41  21  41
 42  30  42  31
 19  16  19  17
  9  29   9  30
  7  55   8  55
  0  15   1  15
 60  61  60  62
 32  29  32  30
 17  42  17  43
 17  57  18  57
 48   1  49   1
 35   0  35   1
 28  21  28  22
 21  34  21  35
 38  51  38  52
 15  50  15  51
 43   4  44   4
  0  50   1  50
 11  20  11  21
 44  39  44  40
 31  46  32  46
 36  28  37  28
 24   6  24   7
  9  58   9  59
 30  14  31  14
  7  53   8  53
  0   9   1   9
 49  34  50  34
 14  36  15  36
 55  37  56  37
 41  33  41  34
 49  11  50  11
  0  24   0  25
 41  14  41  15
 14  50  15  50
 21   0  22   0
  5  13   6  13
 45  30  46  30
 57   8  58   8
 40  28  40  29
 28  24  28  25
 16  40  16  41
 14   0  15   0
 44   1  45   1
  1  61   1  62
 23  28  24  28
 60  55  61  55
  7  14   7  15
  2  19   2  20
  9  41   9  42
 13  58  14  58
 29  50  30  50
 24  49  24  50
  9  42  10  42
 29  13  29  14
 39  27  39  28
 22  14  23  14
 30  42  31  42
 42  45  42  46
 57  14  57  15
 29   4  30   4
 26  40  26  41
 36  13  36  14
 17  21  17  22
 16   3  17   3
 22   5  23   5
  6  35   6  36
 19  49  19  50
 11  59  12  59
 55  36  55  37
 13  36  14  36
 27  27  27  28
 32  60  33  60
 48  24  48  25
 12  46  13  46
 30  47  30  48
  9  12   9  13
 50  39  51  39
 39  30  40  30
 58  48  58  49
 23  42  24  42
 37  55  38  55
 41  39  41  40
 23   8  24   8
  6  16   7  16
 59  54  59  55
 29  26  30  26
  1  33   2  33
 33  39  33  40
 42  15  42  16
 48  35  48  36
 30   0  30   1
 16  19  16  20
 25  17  26  17
 46  11  46  12
 36   4  36   5
 19  39  19  40
 31  35  31  36
 59  25  60  25
  2  17   2  18
 38  59  39  59
  2  38   3  38
  5   9   5  10
 47  53  48  53
 37  32  38  32
 34   6  35   6
 24  30  25  30
 10  18  10  19
 40   8  40   9
 55  24  56  24
 20  21  20  22
 24  10  25  10
 23  32  24  32
 53  55  53  56
 42  50  42  51
 55  61  56  61
 49  55  50  55
  7  42   7  43
 44  59  45  59
 57  53  58  53
 37  47  37  48
 43  56  43  57
  2  19   3  19
 56  18  56  19
 18  23  19  23
 44  45  44  46
  4  46   5  46
 34  16  34  17
  4  30   5  30
 55  54  55  55
 17  48  18  48
 49  37  50  37
 61  26  62  26
 54  28  54  29
  9  27   9  28
 49  61  49  62
 24  54  24  55
 26  27  27  27
 23  44  23  45
 29  22  30  22
 42  10  43  10
 18  20  19  20
 23  26  23  27
 10  28  10  29
 60  41  60  42
 22  47  23  47
 18   4  19   4
 25  32  25  33
  9  58  10  58
  2  41   2  42
 21  60  21  61
  3  25   4  25
 17  29  17  30
 53   3  53   4
 30  50  31  50
 54  56  54  57
 24  30  24  31
 61  60  61  61
 17  12  17  13
 60  53  61  53
 22  28  22  29
 34   7  34   8
 11  31  11  32
 45  18  46  18
  7  41   7  42
 39  55  40  55
 42  61  43  61
 21  47  21  48
 61   6  61   7
 46  41  46  42
 19  31  20  31
 53  59  54  59
 35  56  36  56
 40   1  41   1
 15  39  16  39
 17  26  18  26
  1  10   2  10
 58  55  59  55
 61  58  62  58
  5  14   6  14
 22  28  23  28
 33  35  33  36
 47  46  47  47
 61  53  62  53
 30  52  30  53
 37   8  37   9
 43  35  43  36
 54  59  55  59
 58  25  59  25
 14  48  14  49
  0  31   0  32
 18  31  19  31
 18  45  19  45
  5   8   5   9
 12  16  13  16
 25  47  26  47
 56  17  56  18
 44  19  45  19
  3  35   4  35
  1   3   2   3
 22  56  22  57
 15  27  16  27
  3  49   3  50
 18  58  18  59
 31  62  32  62
  9  36  10  36
  5   9   6   9
 54  34  55  34
 59  52  59  53
 46  12  46  13
  2  33   2  34
 10   3  11   3
 27  34  28  34
  4  52   5  52
 15   5  16   5
  9  39   9  40
  2  21   2  22
  4  54   4  55
 13   3  13   4
 32  16  33  16
 61  35  62  35
 56  38  56  39
 11  49  11  50
 32  21  33  21
 27  23  27  24
  1  42   2  42
  0  34   1  34
 52  48  52  49
 61  16  61  17
 59  37  60  37
 17  16  18  16
 57  20  58  20
 41  10  41  11
 27  57  27  58
  7   8   7   9
 60   6  60   7
 11  23  11  24
 33  54  34  54
 41  18  42  18
 49  19  49  20
 41   4  42   4
 49  37  49  38
 21  44  21  45
 26  30  26  31
 23  25  24  25
  6  17   7  17
 34   3  35   3
 15  28  15  29
 22  21  22  22
 49   6  49   7
 56  47  57  47
 10   5  11   5
 13  56  13  57
 11   7  11   8
 37  37  37  38
 38  31  38  32
 52  16  52  17
 55  17  56  17
 60  48  61  48
 17  60  18  60
 42  27  42  28
 18  24  18  25
 45   8  46   8
 10   8  10   9
 39  43  40  43
 34  61  35  61
  9  56  10  56
 23  15  24  15
 28  11  29  11
 52  14  52  15
 38  18  38  19
 48  45  48  46
 31  33  32  33
 10  23  10  24
 16  49  16  50
 26  45  27  45
 59  19  60  19
 41   9  42   9
  8  47   9  47
 56  33  57  33
 32  53  33  53
 21  61  22  61
 33  41  34  41
 59   3  59   4
 54  58  54  59
  0  16   0  17
 54  21  55  21
 55  11  56  11
  8  29   9  29
 55   3  55   4
 62  18  62  19
 36  32  36  33
 22  58  23  58
 24  54  25  54
 46  57  47  57
  5  16   5  17
 37   2  38   2
 31  42  31  43
 30  44  31  44
 26   7  26   8
 58  19  58  20
 22  13  23  13
 44   8  44   9
  6  38   6  39
 10  35  11  35
 47   6  48   6
 27  36  28  36
 59  15  59  16
 47  50  47  51
 15  58  15  59
 14  21  14  22
 41  27  42  27
 33  10  33  11
 20  44  20  45
 44  34  45  34
 31  38  31  39
 12  57  13  57
 24  40  24  41
  1  21   2  21
 31  45  31  46
  9   9   9  10
 42  45  43  45
 33  21  33  22
 23  56  24  56
 60  60  61  60
 46  47  46  48
 10  14  11  14
 20  26  21  26
 51  17  52  17
 41   6  41   7
 36  22  37  22
 47   5  47   6
 30   6  30   7
 12   9  13   9
 49  13  49  14
  8  44   9  44
 17  52  18  52
 18   2  19   2
 49  33  49  34
  0  27   0  28
 14  14  14  15
  8  48   9  48
 44  49  45  49
 60  49  60  50
 18  30  19  30
 61  36  62  36
  9  46   9  47
 30  13  30  14
 19  47  19  48
 45  37  45  38
 10  15  10  16
 40  41  41  41
 54  22  55  22
  3  27   3  28
  3   1   4   1
 54  40  54  41
 41  23  41  24
 38  38  38  39
  3  62   4  62
 28   9  29   9
 52  50  52  51
 56   2  57   2
 57  51  57  52
 15  59  15  60
  8  51   8  52
 29  18  30  18
 25   9  26   9
  8  60   9  60
 34  22  34  23
 40   3  41   3
 27  21  28  21
 43  41  44  41
 44   2  44   3
 56  36  57  36
 30  61  30  62
  3  61   3  62
 27  13  27  14
 31   1  31   2
  2  26   3  26
 39  11  39  12
 57  47  58  47
 22  20  22  21
 46  48  46  49
 40  54  41  54
 18  40  19  40
 27  42  27  43
 57  37  57  38
 20  54  21  54
 53  23  54  23
 21  57  22  57
 60  47  61  47
  5  61   5  62
 11  17  12  17
 27  61  27  62
  1   7   1   8
 31   3  31   4
  1  50   1  51
  3  45   3  46
 49  10  49  11
 19  46  20  46
 20  23  20  24
 31  36  31  37
 16  44  17  44
 45  14  45  15
 54  26  54  27
 23  27  23  28
 42  48  42  49
  2  39   3  39
 54  50  55  50
 33  59  34  59
 17  35  17  36
 50  59  51  59
 59   7  60   7
  4  18   4  19
 11  50  12  50
 14   5  15   5
 14  43  15  43
 38  25  39  25
 21  61  21  62
 38   9  39   9
 54  55  54  56
 48  15  48  16
  5  25   6  25
 17  37  18  37
 50  53  51  53
 60  51  61  51
 33  27  34  27
 60  32  61  32
 16  56  16  57
 46  52  46  53
 26  13  27  13
 51   6  51   7
 31  25  32  25
 54  42  54  43
 20  49  21  49
 57  53  57  54
 32  37  33  37
 17  34  18  34
 61   4  62   4
 20  19  21  19
 24   9  24  10
 54  51  55  51
  4   8   4   9
 21  49  22  49
 50  61  50  62
 23  20  23  21
 45  43  46  43
  3  31   4  31
  6  15   6  16
 60   0  60   1
  1  54   2  54
 18  38  18  39
 57  39  57  40
  0  53   1  53
 35  18  35  19
 17   0  18   0
  1   5   2   5
 30  19  30  20
 50  10  51  10
 30  51  30  52
 27  48  27  49
 20  52  21  52
 34  54  34  55
 21  53  22  53
 40  43  41  43
 37  28  37  29
 38  49  38  50
  2  10   3  10
 31  25  31  26
 22  37  23  37
 13  14  14  14
 15  16  15  17
 53  43  53  44
  2  43   3  43
 13  22  13  23
 24  41  24  42
  3  22   3  23
 28   6  28   7
 19  44  19  45
 59  36  60  36
 38  14  38  15
 42  33  43  33
 13   5  13   6
 20  51  20  52
 15  18  16  18
 40  55  40  56
 49  49  50  49
 24  29  24  30
 32  60  32  61
 36  59  37  59
  5  49   6  49
 37  39  37  40
 19  20  19  21
 32  44  32  45
 20  46  21  46
 61  52  62  52
 11  45  12  45
 22  54  23  54
  6  36   6  37
  8  11   9  11
  3  19   4  19
  3  46   4  46
 53  44  54  44
 47   1  48   1
 36  48  37  48
 52  15  52  16
  5  11   6  11
 46  25  47  25
 43  19  44  19
 34  34  35  34
 27   7  27   8
 25  30  26  30
 42  17  42  18
 10  24  10  25
 37  26  37  27
 30  52  31  52
 38  40  39  40
 25  56  25  57
  2   0   3   0
  8  23   9  23
 57  57  57  58
 48  24  49  24
 59  15  60  15
 39  20  40  20
 22  15  23  15
 25  12  25  13
 28  33  28  34
  3  15   3  16
 24  38  24  39
 19  25  19  26
 51  18  52  18
 23  58  24  58
  8  46   8  47
 20  58  20  59
 42   2  43   2
 34  24  35  24
  0  23   1  23
 60  46  61  46
  0   1   1   1
 21   0  21   1
 49  13  50  13
 18   9  19   9
  3  15   4  15
  9  19  10  19
 53   8  54   8
 35  21  36  21
 60  44  61  44
 60  31  61  31
 58  14  58  15
 20  45  20  46
 43  62  44  62
 20   5  21   5
 49  44  50  44
  3  13   3  14
 24   5  24   6
  9  13  10  13
 26  16  26  17
 40   3  40   4
  1   1   1   2
  0  17   0  18
 60  43  60  44
 11  36  12  36
  3  60   4  60
 40  12  40  13
 18  50  18  51
 29  12  29  13
 12  57  12  58
 53  13  53  14
 10  35  10  36
 18  25  18  26
 19  36  19  37
 24  61  25  61
 36  15  37  15
 15  13  16  13
 30  11  31  11
 60   1  60   2
 54   4  54   5
 23  26  24  26
  5  60   6  60
 61  29  62  29
 31  17  32  17
 52  30  53  30
 26  50  26  51
 16  48  17  48
 16  37  16  38
 16  29  17  29
  0  55   0  56
 21  32  21  33
 24  42  24  43
 22   3  22   4
 49  15  50  15
 44  50  45  50
 16  15  17  15
 17  32  18  32
 49  28  49  29
 32  36  33  36
  3  48   3  49
 40  47  40  48
 16   5  17   5
  8  38   9  38
 57  42  57  43
 60  50  60  51
 32  26  32  27
 19  28  20  28
 12  50  13  50
 51  52  51  53
 19  41  20  41
  3  37   4  37
 52  11  53  11
 60   6  61   6
 30  62  31  62
 21  62  22  62
 50  26  51  26
 32   7  32   8
 61  13  62  13
 53  15  53  16
 36  32  37  32
  6  51   7  51
 50  58  50  59
 62  19  62  20
 44  34  44  35
  4  26   4  27
  4  10   5  10
 10  30  10  31
 53  48  54  48
 22  59  22  60
 35  29  36  29
 48  12  48  13
 16  60  16  61
 33  22  33  23
 18  53  19  53
 60   4  60   5
 30  21  31  21
 44   7  44   8
 16  27  17  27
  4  22   5  22
 55   4  56   4
 42  25  43  25
 28  26  28  27
 10  33  11  33
 31   5  31   6
 44  51  45  51
 23  23  24  23
 35  41  36  41
 25  39  26  39
 56  39  56  40
  3  27   4  27
  8  28   8  29
 55  38  56  38
 37  55  37  56
 32  11  32  12
 59  26  59  27
 16   3  16   4
 17  20  17  21
 26  56  27  56
  2   2   3   2
 20   1  21   1
 18   4  18   5
 61  16  62  16
 34  45  35  45
 59  41  60  41
 16  39  17  39
 54  24  55  24
 38  62  39  62
  2  25   3  25
  4  12   4  13
 27  10  27  11
 16   0  16   1
 54   3  55   3
 29  38  30  38
 59  45  60  45
 49  23  50  23
 37  45  37  46
 62  16  62  17
  9  33   9  34
  8  22   9  22
 39  59  40  59
  5  41   6  41
 23  17  23  18
 43  58  43  59
 55  51  56  51
 38  31  39  31
 19  23  19  24
 44   6  44   7
 46  23  46  24
 24  18  25  18
  8  45   9  45
 19  38  20  38
  7   0   7   1
 30  34  30  35
 22  55  22  56
 24  53  24  54
  5  13   5  14
 47  46  48  46
 24  36  24  37
 42   9  43   9
 36   5  37   5
 49  51  49  52
 54  33  54  34
 44  29  44  30
 48  38  49  38
 36  12  36  13
  9  53   9  54
 31  34  31  35
 55   6  55   7
 47  23  47  24
 47  55  47  56
 21  24  21  25
 61  17  62  17
 45   7  46   7
  1   4   2   4
 21  21  22  21
 35  13  35  14
 48  53  49  53
 61   5  61   6
 47  10  47  11
 50  25  51  25
 49  22  50  22
  2  39   2  40
 46  39  47  39
 62  42  62  43
 57  14  58  14
 18  50  19  50
 42  29  43  29
 19  37  19  38
 37  31  38  31
 27   0  27   1
 52  60  52  61
 23   5  24   5
 55  59  56  59
  4  29   4  30
 25   1  25   2
 17  61  17  62
 61  42  61  43
 27  40  28  40
 20  12  20  13
 22  44  22  45
 53  28  53  29
  6  47   6  48
 28   4  29   4
 58  30  58  31
 45   5  46   5
 14   4  14   5
  1   1   2   1
 39  15  39  16
  2   7   2   8
 40  61  40  62
 32  50  32  51
 58  62  59  62
 13  60  13  61
  4  56   4  57
  4   3   4   4
 53  12  53  13
 55  49  55  50
 39   7  40   7
  9  35   9  36
 36  28  36  29
 12  29  13  29
 40  35  40  36
 58   8  58   9
 31   6  32   6
 36   0  37   0
  8  25   8  26
  3  55   4  55
 18  48  19  48
 60  19  60  20
 15  40  15  41
 40   5  40   6
  5  24   5  25
 23  21  24  21
 24  56  24  57
 44  27  44  28
  4  50   5  50
 48  31  49  31
 37   6  38   6
 53  51  53  52
 59  32  59  33
 50  53  50  54
  5  23   6  23
 38  42  39  42
 20  60  20  61
 53  31  54  31
 25   8  25   9
 21   8  22   8
 54  44  55  44
 35   4  36   4
 17  45  18  45
  6  51   6  52
 29  25  29  26
 15  55  15  56
 55  26  55  27
 13  16  13  17
 60  12  61  12
 37  23  37  24
 12  22  12  23
 20  53  20  54
  0   3   1   3
 61   9  61  10
 58  53  59  53
 48  25  49  25
 30  54  31  54
 22  26  23  26
 41  20  41  21
 38  27  38  28
 62  56  62  57
 43  43  43  44
 20  55  21  55
 39  38  39  39
 35  53  36  53
 60  18  61  18
 57  42  58  42
 21  22  21  23
 62  31  62  32
 30  30  31  30
 45   1  45   2
 35  43  36  43
 45   6  45   7
 28  61  28  62
 20  20  20  21
  2   1   3   1
 34   2  35   2
 11  17  11  18
 56  23  57  23
 44  48  44  49
 42  23  43  23
 22  51  22  52
 15   2  16   2
 27  19  28  19
 59  11  60  11
 53  40  54  40
 53  50  54  50
 42  19  43  19
 26  24  26  25
 25   5  25   6
 51  28  52  28
 41   8  42   8
  8  20   9  20
 56  54  56  55
 54  60  55  60
 38  26  38  27
 15  30  16  30
 23  47  23  48
 47  60  48  60
 36  38  37  38
  9   5  10   5
 61   8  62   8
  1  25   1  26
 34  59  34  60
 47  16  48  16
 43  47  44  47
 10  53  10  54
  6   9   6  10
 48  10  49  10
 33  35  34  35
 37  33  38  33
 14  57  15  57
  2  55   2  56
 11   3  12   3
 27  14  27  15
 15  44  16  44
  8  18   9  18
  9  59   9  60
 19  46  19  47
 30  33  30  34
 56  29  57  29
 54  21  54  22
 14  20  15  20
 22   6  23   6
 59  47  60  47
  4  32   5  32
 21  13  21  14
 57  19  58  19
 51  60  52  60
 36  47  36  48
  4  46   4  47
 11  38  12  38
 48  47  49  47
  3  29   4  29
 59  35  60  35
 34  20  35  20
 27  56  27  57
 13  45  13  46
 55  60  55  61
 11  40  11  41
 10  46  10  47
  3  25   3  26
 25  51  26  51
 52  23  52  24
 46  19  46  20
 56   5  56   6
  7  38   8  38
  2  48   2  49
 20  39  20  40
 54  25  55  25
 49   4  49   5
 32  59  32  60
 41  29  42  29
 11  31  12  31
  7  19   7  20
  7  28   7  29
  4   5   5   5
 48  33  48  34
 39  48  40  48
 44  24  45  24
 18   5  18   6
  5  33   5  34
 39  35  39  36
 16  11  17  11
 50  56  50  57
  0  56   1  56
 34  25  35  25
  4  51   5  51
 44  21  45  21
 34  46  35  46
 44  46  44  47
  1  47   2  47
 39   3  39   4
 41  17  41  18
 41  26  41  27
 34  45  34  46
 22  53  22  54
 61   1  61   2
 12  15  13  15
 17  15  18  15
 30  21  30  22
 35  17  36  17
 50   8  51   8
 50   7  51   7
 48  58  49  58
  6  43   7  43
 40  20  41  20
 55  33  55  34
 58  50  59  50
 13  37  13  38
 40  56  40  57
 19  53  19  54
 56  22  57  22
 30  15  30  16
  9  43  10  43
 24  18  24  19
 13  19  13  20
 39   9  39  10
 26  36  27  36
 51  57  52  57
 41  40  41  41
 12  49  12  50
 32  30  32  31
 17  26  17  27
  8  44   8  45
 16  54  16  55
 38  10  39  10
 53  47  53  48
  8  43   9  43
 46  27  47  27
 15   8  16   8
 31  50  31  51
 59  44  59  45
 17  15  17  16
 19  12  19  13
 24  10  24  11
 32  33  32  34
 58  16  58  17
  2   8   2   9
 56  60  56  61
 51  12  51  13
 28  27  28  28
 23  33  24  33
 21   3  22   3
 43  28  43  29
 47  28  48  28
 14  13  14  14
 49  29  49  30
  9  55  10  55
 36  25  36  26
 32  43  32  44
 26  17  26  18
 59  46  59  47
 19  60  19  61
 23  13  23  14
 10  45  11  45
 17   5  17   6
 52  10  52  11
  1  47   1  48
 19  27  19  28
 59  50  59  51
 59  33  60  33
 20  38  20  39
 60  24  60  25
 15   4  15   5
 20  22  20  23
  2  37   2  38
 42  28  42  29
 57   0  58   0
 27  41  27  42
 11  27  12  27
 60  33  60  34
 43  24  44  24
 25  59  26  59
 22  60  22  61
 42   6  42   7
 49  57  50  57
 22  24  22  25
 57  26  57  27
 24  57  25  57
 47   7  48   7
 28  31  28  32
  3  38   3  39
 57  61  57  62
 21  45  22  45
 17  50  17  51
 18  44  19  44
 10  40  11  40
 28  58  29  58
 52  51  53  51
 55  60  56  60
 31  11  31  12
 22  31  22  32
 18  13  19  13
 39  42  40  42
  2  24   2  25
 40   6  41   6
 22  57  23  57
 55  30  56  30
 21  10  21  11
 59  11  59  12
 48  10  48  11
  8  18   8  19
 31  43  31  44
 15  20  15  21
 33   2  33   3
 14  58  15  58
 11  21  12  21
 45  41  46  41
 37   3  38   3
 14  24  14  25
 55  62  56  62
 16  48  16  49
  3  53   3  54
  0  27   1  27
 61  20  62  20
 11  13  12  13
 12  52  13  52
 26  47  27  47
 49   9  50   9
 30  41  31  41
 11   5  12   5
 12  28  13  28
  0   5   1   5
 29  21  29  22
 54  43  55  43
  1  32   2  32
 34   5  34   6
 58  46  59  46
 10  50  10  51
 30  30  30  31
 61  43  61  44
 60  52  61  52
 30  10  30  11
 34  25  34  26
 58  29  59  29
 28  34  29  34
 54  40  55  40
  7  34   8  34
 46  10  47  10
  7  16   8  16
 37  38  38  38
 37  42  37  43
  7  15   8  15
 29  23  30  23
  7  27   7  28
 15  39  15  40
 33  20  33  21
 10  17  11  17
 17  39  18  39
 39  33  39  34
 27  51  27  52
 43  46  43  47
 24  38  25  38
 18  56  19  56
 10   1  10   2
 54  55  55  55
 38  20  38  21
  9  11  10  11
 51  27  51  28
 32  36  32  37
 37  59  37  60
 56  44  57  44
 18  22  19  22
  6  50   6  51
 23  40  23  41
 15  25  15  26
 54  13  55  13
 22   2  23   2
 13  38  13  39
 16  17  16  18
  6  30   6  31
  8  37   8  38
 35  44  36  44
 46  30  47  30
 31  52  32  52
 17   9  18   9
 50   3  50   4
 41  38  42  38
 31   9  31  10
 53  14  54  14
 29  26  29  27
 48   3  48   4
 32  32  33  32
 44  40  44  41
 13  33  13  34
  1   8   1   9
 40  21  40  22
 42  18  43  18
 52  39  52  40
 41  56  42  56
 35  43  35  44
  9   8  10   8
 46  42  46  43
 55  48  55  49
 50  14  51  14
 28  15  28  16
 21  35  22  35
 49  17  50  17
  1  53   2  53
 49  25  49  26
 58  24  59  24
 29  17  30  17
 47   2  47   3
  6  26   6  27
 47  38  47  39
 10  26  10  27
 13  18  14  18
 34  39  35  39
 26  28  26  29
 57  24  57  25
 21  24  22  24
 18  42  19  42
 15  45  15  46
  9  40   9  41
 61   5  62   5
 34  13  34  14
 49  36  49  37
 41   3  41   4
 42   3  43   3
 18  52  19  52
 60  21  61  21
 17  40  17  41
  2  17   3  17
 27  57  28  57
 28  20  29  20
 46  58  46  59
 14  49  14  50
  4  38   4  39
 44  30  44  31
 59  37  59  38
 53   5  54   5
 58  26  58  27
 19  14  19  15
 16  28  17  28
 45  45  46  45
  1  20   2  20
 32  18  32  19
 57  23  57  24
 37  61  37  62
 36  56  37  56
 12  31  12  32
 33  54  33  55
  6  61   6  62
 50  48  50  49
 10   0  11   0
 16  26  16  27
 48   2  49   2
 29  39  30  39
 33  12  34  12
 42  42  42  43
  1  34   1  35
  3  54   3  55
 62  51  62  52
 14  50  14  51
 17   3  18   3
 36  13  37  13
 23  35  23  36
  1  58   1  59
 31  48  32  48
 42  31  42  32
 11  54  11  55
 27   0  28   0
 20  36  20  37
 14  53  15  53
 19   0  19   1
 13  36  13  37
 59  46  60  46
 21   1  21   2
 56  23  56  24
 24  60  25  60
 36  37  37  37
 47  19  48  19
 11   0  11   1
  9  25  10  25
  2  31   3  31
 46   1  47   1
 37   7  38   7
 48  14  48  15
 27   4  27   5
 30  57  30  58
  1  56   2  56
 28  47  29  47
 18  29  18  30
  1  48   2  48
 38   6  39   6
 10  48  10  49
 16  58  16  59
 62   6  62   7
  2  28   2  29
 54  32  54  33
 48  23  49  23
 46  21  46  22
 53  36  54  36
 24  27  24  28
 21  22  22  22
  3  19   3  20
  4  40   5  40
  0   6   1   6
 36  55  37  55
 15  36  16  36
  4  48   4  49
 29  15  30  15
 44  29  45  29
 42  17  43  17
  7  28   8  28
  2  55   3  55
 60  34  61  34
 42  61  42  62
  5   4   6   4
 48  57  48  58
 42  26  42  27
 11  51  11  52
 14  20  14  21
  1   0   2   0
  6  26   7  26
 54  26  55  26
 45   7  45   8
  0  57   0  58
 62  29  62  30
 33   4  34   4
 51  41  51  42
 20   9  20  10
 42  37  43  37
  1   6   2   6
 49   7  49   8
 25  31  25  32
 42  44  43  44
 35  28  35  29
 45  19  46  19
 43   0  44   0
 51  36  51  37
 44  60  45  60
  2  34   2  35
 53  21  54  21
 29   9  30   9
 52  24  52  25
 55  19  55  20
 54  36  55  36
 10  18  11  18
 11  43  11  44
 43  13  44  13
  7  62   8  62
 23  39  24  39
 18   8  19   8
 42  11  43  11
 22  38  22  39
 46  29  47  29
 43  52  43  53
 27  43  27  44
 26  22  26  23
 20  34  21  34
  8  47   8  48
 51  49  51  50
 39  57  40  57
 35  37  35  38
 49  36  50  36
 29  11  30  11
 52  39  53  39
  4   7   4   8
 60  17  61  17
 46   9  46  10
 39  47  40  47
 21   7  21   8
 60  29  61  29
 37   8  38   8
 11   1  12   1
 51  35  52  35
 56  55  56  56
 14  26  15  26
 12  60  12  61
 59  16  59  17
 62  27  62  28
 33  25  34  25
 17  40  18  40
 36  45  37  45
 48  52  49  52
  5  17   6  17
  7  33   7  34
 26  43  27  43
 31  10  32  10
 40  28  41  28
 43  30  43  31
  3  23   4  23
  5   6   6   6
 51  18  51  19
 50  51  51  51
 45   4  46   4
 35  60  36  60
  9  13   9  14
 28  59  28  60
  3  47   4  47
 20  52  20  53
 12  58  12  59
 42  49  43  49
 32  15  32  16
 47  10  48  10
  2  48   3  48
 22  52  23  52
 58  30  59  30
 44  33  44  34
 23   5  23   6
 38  32  38  33
 35  10  36  10
 33  30  33  31
 38  11  38  12
 59  36  59  37
  9  10  10  10
  9  48  10  48
 39  17  40  17
 23  49  23  50
 46  29  46  30
 56  17  57  17
  8   5   9   5
 48  27  48  28
 51  19  52  19
 30  40  30  41
 37  59  38  59
 28   6  29   6
 42  56  42  57
 57  34  58  34
 20  22  21  22
 44  26  45  26
 52  52  52  53
 25  11  26  11
 17  30  17  31
 57  56  58  56
 45  52  45  53
  7  56   7  57
 55  17  55  18
  5  39   5  40
 35  25  35  26
 40  54  40  55
 53  29  53  30
 15  21  16  21
 36   3  36   4
 58  19  59  19
 23  52  24  52
 35  38  36  38
 45   2  46   2
 28  46  29  46
  9  10   9  11
 49   3  50   3
 45  34  46  34
 29  16  30  16
 29  44  29  45
 34  29  35  29
  5  39   6  39
 18  21  19  21
 61  54  62  54
 38  48  39  48
 49  56  50  56
 33  16  33  17
 39   8  40   8
 28  14  29  14
 45  48  46  48
 61  21  62  21
 45  57  46  57
 25  27  26  27
  3  30   4  30
 26  20  26  21
 36  33  36  34
 11  19  12  19
 43  11  44  11
 29  37  30  37
 11  26  12  26
 43  57  43  58
 47  60  47  61
 16  61  16  62
 15  34  16  34
 36  11  37  11
 46  24  46  25
 44  12  44  13
 43  52  44  52
  8  51   9  51
 40  59  40  60
 27  60  28  60
 39  59  39  60
 23  41  24  41
 52  54  52  55
 22  19  23  19
 45  54  46  54
 17  27  17  28
 16  49  17  49
  1  46   2  46
  0  45   1  45
 24  19  24  20
  3  46   3  47
 51  35  51  36
 59  56  60  56
 26  36  26  37
 22  27  23  27
 36  16  36  17
 21  51  22  51
 51   1  51   2
 17  41  18  41
 37  24  37  25
 50  50  51  50
  9  16   9  17
 39  40  39  41
 51  50  52  50
 27  45  27  46
 58  60  59  60
 33  28  33  29
  4  19   5  19
 48  39  48  40
 56  24  57  24
 47   3  47   4
 14  44  15  44
 25  54  25  55
 28  56  28  57
 25  46  25  47
 12  37  13  37
 10  55  10  56
 25  22  26  22
 34  28  35  28
 48  34  49  34
 61  41  61  42
  5  34   5  35
 17  25  18  25
 46  42  47  42
 31  18  31  19
 43  28  44  28
 21  54  22  54
 46  46  47  46
 43  16  43  17
 52   2  53   2
 25   3  25   4
 48  34  48  35
 47  14  48  14
 13  44  13  45
 42  41  42  42
 27  59  27  60
 29  23  29  24
 13  15  13  16
 48  19  48  20
 16  14  16  15
  0  39   0  40
 31  33  31  34
  8  26   8  27
 35   2  35   3
 45  21  45  22
  7  27   8  27
 46  36  47  36
 16  45  17  45
 12  11  12  12
 50  16  51  16
 12  53  13  53
 12  27  13  27
 15   0  16   0
 10  61  11  61
 18  57  18  58
 54  52  54  53
 59   5  60   5
 30  43  30  44
 52  18  52  19
 47  42  48  42
 35  41  35  42
 10  10  11  10
  0  54   0  55
 16  59  17  59
 36   9  36  10
 49  41  50  41
  8   2   8   3
  9   4   9   5
 44  11  44  12
 45  12  46  12
 61  46  61  47
 57  50  58  50
 16  34  16  35
 12  33  13  33
 18  43  18  44
 54  15  54  16
 50  39  50  40
 23  14  23  15
 47  45  48  45
 41  15  42  15
 21  12  22  12
  2  54   3  54
 12  51  12  52
 18  10  19  10
 40  41  40  42
 25  15  25  16
 34  30  34  31
 41   9  41  10
 60  10  60  11
 53  18  53  19
  6  49   6  50
  8  23   8  24
 40  33  40  34
 10  27  11  27
 28  38  29  38
 12  31  13  31
 35  58  35  59
 57   1  58   1
 59   1  60   1
 38  54  39  54
 26  38  27  38
  9   9  10   9
 38  56  38  57
 37  18  37  19
  6  56   7  56
 35  45  35  46
 38   2  38   3
 49  50  49  51
 11  49  12  49
  7  31   7  32
 36  17  37  17
  4  34   5  34
 28  14  28  15
 44  28  44  29
 46  39  46  40
 26  16  27  16
 20  30  20  31
  0   7   0   8
 49  32  49  33
 61  62  62  62
 39  49  40  49
 34  40  35  40
 48  43  48  44
 37  60  37  61
 46  21  47  21
 15  54  16  54
 10   8  11   8
 45  55  46  55
 53  13  54  13
 19  37  20  37
 20  33  20  34
  4  60   5  60
 39  47  39  48
 22  35  23  35
 24  58  24  59
 30  34  31  34
 45  35  45  36
 39  12  39  13
 16  60  17  60
 32  33  33  33
  9  57  10  57
 27  38  27  39
 25  37  25  38
 21  31  21  32
  0  53   0  54
  4  31   5  31
 59  13  59  14
 56  56  57  56
 58   2  58   3
 54  54  55  54
 24  16  25  16
 55  49  56  49
 50  35  50  36
 48  40  48  41
  7  34   7  35
 56  28  56  29
 37  41  38  41
 59  25  59  26
 33  24  33  25
 50   1  50   2
 51  31  51  32
 38  20  39  20
  5  53   5  54
 12   3  12   4
 57  56  57  57
 13   3  14   3
 62  49  62  50
 49  39  50  39
 24   5  25   5
 32  20  32  21
 29   7  29   8
  3  42   3  43
  3   9   4   9
 14   2  14   3
 51  56  51  57
 26   6  27   6
 25  44  25  45
  4  44   4  45
 56   7  56   8
 61  39  62  39
  5  59   6  59
  1  24   1  25
 15   7  15   8
 39  36  39  37
 46  61  46  62
 15  59  16  59
  3   2   3   3
 11  11  11  12
 53  62  54  62
 11  51  12  51
 57  13  57  14
 45  55  45  56
 50   5  51   5
 40  14  41  14
  3  52   3  53
 16  30  17  30
 25  52  25  53
 13  46  14  46
 59   6  59   7
 19  35  20  35
  0   4   0   5
 59  60  60  60
  5  47   6  47
 61  21  61  22
 27  30  27  31
  2  25   2  26
 28   7  29   7
 16  61  17  61
 50  28  50  29
 19   8  20   8
 50  31  50  32
 35  22  36  22
 17  33  18  33
 48  42  48  43
 46  60  46  61
 10  25  10  26
 60  59  61  59
 25  19  25  20
 52  41  52  42
 20  33  21  33
 13  11  14  11
 35  15  36  15
 49  59  50  59
 17  53  17  54
 36  18  36  19
 53  45  53  46
 13  59  14  59
 33   4  33   5
 16  36  17  36
 31  27  31  28
 27  33  28  33
 23  11  24  11
  6  52   6  53
 30   4  30   5
 26  46  27  46
 18  32  18  33
 42   4  42   5
 45  14  46  14
  0  39   1  39
 50  22  51  22
 46  14  46  15
 62   1  62   2
 52  44  53  44
 47  25  47  26
 32   6  32   7
 23  53  23  54
  7  12   7  13
 56  40  56  41
 29  54  30  54
 16  35  16  36
 23  34  24  34
 19  14  20  14
 25  15  26  15
 55  26  56  26
 27  16  28  16
  8  43   8  44
  6  21   7  21
 47  15  48  15
 58   1  59   1
 24  31  25  31
 42  20  42  21
 59  51  59  52
 20  61  20  62
 43  13  43  14
 57  40  58  40
 55  45  55  46
  1  46   1  47
 58  44  58  45
 46   6  47   6
  9  19   9  20
 24   0  24   1
 40   4  41   4
 11  60  12  60
 52  26  52  27
 14  60  14  61
 59  27  60  27
 33  19  34  19
 26  42  27  42
 53   2  54   2
 37  57  38  57
 60  30  61  30
  3  59   4  59
 10  13  10  14
 25  14  26  14
  4  18   5  18
 30  55  31  55
 48  56  48  57
 23  39  23  40
 44  38  45  38
 50  29  50  30
 16  10  17  10
 40  15  40  16
 23  16  23  17
 20   0  20   1
 16  57  17  57
  8  59   8  60
 60  23  60  24
 15   7  16   7
 23   3  23   4
  4  45   5  45
 48  30  48  31
 54  11  54  12
  1  24   2  24
 35  18  36  18
 16  46  16  47
 45  13  46  13
 42  32  43  32
 60   8  60   9
 45  32  46  32
 17   1  18   1
 32  47  33  47
 40   9  41   9
 33  61  34  61
 54  47  55  47
 11  42  12  42
  3   3   3   4
 51  29  51  30
 12  49  13  49
 27  29  27  30
 15  19  15  20
  7   5   8   5
 34  12  34  13
 36  46  37  46
 42  62  43  62
 48   6  48   7
 32  56  33  56
  8   8   8   9
  6   7   6   8
 20  16  20  17
 12   8  13   8
 29  44  30  44
 23  45  24  45
 11  30  12  30
 32  14  32  15
 15  19  16  19
 18  28  18  29
 14  27  15  27
 54  52  55  52
 57  44  58  44
  6  59   6  60
 58  36  59  36
 14  35  14  36
 45   8  45   9
 48  56  49  56
 25   0  26   0
 52  40  53  40
 37  27  37  28
 55  23  55  24
 26  12  26  13
 14   3  14   4
 21  17  21  18
 35   6  36   6
 32  15  33  15
 21  11  21  12
 62  37  62  38
 13   6  13   7
 22  12  22  13
  5   1   6   1
 47  53  47  54
 55  21  56  21
 13  57  14  57
 31  40  32  40
 51  13  52  13
 25  57  25  58
 56  35  56  36
 18  29  19  29
 38  45  38  46
 62  23  62  24
 46   6  46   7
 60  32  60  33
 20  35  20  36
 42  42  43  42
 61  55  61  56
 55  34  55  35
 10  40  10  41
 43  38  44  38
 31  58  32  58
 50  27  50  28
 22  33  23  33
 38  36  38  37
 33  57  33  58
  5  10   6  10
 13  41  13  42
 48  27  49  27
 27  21  27  22
  1  54   1  55
  3   8   4   8
 55  20  55  21
 14  56  14  57
  1  18   1  19
 41  44  41  45
 32   9  33   9
 11  21  11  22
 60   5  60   6
 13  24  14  24
  6  44   7  44
 16  42  16  43
 48  12  49  12
 60  37  60  38
 13  52  13  53
  6  47   7  47
 41   3  42   3
 47  44  47  45
  8  36   8  37
 51   1  52   1
 26  52  27  52
 52   2  52   3
 62   0  62   1
 35   1  36   1
  6  20   6  21
 45  11  45  12
 44  45  45  45
 43  43  44  43
 48  17  49  17
 11  58  11  59
 19  26  19  27
 12  12  12  13
 20  47  20  48
 50  47  50  48
 25  38  25  39
 45  31  45  32
 39   1  40   1
 31  15  31  16
 58  40  59  40
 25  24  25  25
 26  11  27  11
  8  19   9  19
 40   2  41   2
 18  23  18  24
 12  38  12  39
 15  55  16  55
  4  17   5  17
 33  41  33  42
  5  21   6  21
  9  25   9  26
 14  61  15  61
 19  49  20  49
  0  49   0  50
 16  21  16  22
 47  17  47  18
  7  30   8  30
 17  60  17  61
 55  35  56  35
 26  40  27  40
  1  16   1  17
 12  24  12  25
 28  15  29  15
 58  56  59  56
 18  52  18  53
 28  37  29  37
 22  49  23  49
 23  51  24  51
 26  33  27  33
  0   2   1   2
 29  52  29  53
 58  14  59  14
 22  18  22  19
 39   3  40   3
  2  20   2  21
 20  45  21  45
 26  10  26  11
 50  46  50  47
 35  23  35  24
 26   9  26  10
 52  22  52  23
 57  34  57  35
 58   0  59   0
 10  44  10  45
 52  57  53  57
 56  56  56  57
 40  13  40  14
 57  31  57  32
 25  53  26  53
  6  40   7  40
  6  41   7  41
 39  41  40  41
 18   5  19   5
 35  31  36  31
 31  32  31  33
 61  44  61  45
 14  52  15  52
 10  45  10  46
  4  56   5  56
 36  44  36  45
 45  30  45  31
 34  34  34  35
 50  43  51  43
 22  13  22  14
 16  25  16  26
 42  38  43  38
 16  24  17  24
 52   5  52   6
 45  10  45  11
 18  22  18  23
 51  20  52  20
 38  52  38  53
 45   0  45   1
 42   8  43   8
  6  54   7  54
 13  43  13  44
 11   2  11   3
 43  49  44  49
 17  49  18  49
 47  36  47  37
 50  19  50  20
 15  10  16  10
 13  28  14  28
